0117	0133	
0117	0233	
0117	0134	
0117	0234	
1717	3333	
1717	3433	
1717	3334	
1717	3434	
1701	3301	
1701	3401	
1701	3302	
1701	3402	
0118	0135	
0118	0235	
0118	0136	
0118	0236	
1718	3335	
1718	3435	
1718	3336	
1718	3436	
1702	3303	
1702	3403	
1702	3304	
1702	3404	
0119	0137	
0119	0237	
0119	0138	
0119	0238	
1719	3337	
1719	3437	
1719	3338	
1719	3438	
1703	3305	
1703	3405	
1703	3306	
1703	3406	
0120	0139	
0120	0239	
0120	0140	
0120	0240	
1720	3339	
1720	3439	
1720	3340	
1720	3440	
1704	3307	
1704	3407	
1704	3308	
1704	3408	
0121	0141	
0121	0241	
0121	0142	
0121	0242	
1721	3341	
1721	3441	
1721	3342	
1721	3442	
1705	3309	
1705	3409	
1705	3310	
1705	3410	
0122	0143	
0122	0243	
0122	0144	
0122	0244	
1722	3343	
1722	3443	
1722	3344	
1722	3444	
1706	3311	
1706	3411	
1706	3312	
1706	3412	
0123	0145	
0123	0245	
0123	0146	
0123	0246	
1723	3345	
1723	3445	
1723	3346	
1723	3446	
1707	3313	
1707	3413	
1707	3314	
1707	3414	
0124	0147	
0124	0247	
0124	0148	
0124	0248	
1724	3347	
1724	3447	
1724	3348	
1724	3448	
1708	3315	
1708	3415	
1708	3316	
1708	3416	
0125	0149	
0125	0249	
0125	0150	
0125	0250	
1725	3349	
1725	3449	
1725	3350	
1725	3450	
1709	3317	
1709	3417	
1709	3318	
1709	3418	
0126	0151	
0126	0251	
0126	0152	
0126	0252	
1726	3351	
1726	3451	
1726	3352	
1726	3452	
1710	3319	
1710	3419	
1710	3320	
1710	3420	
0127	0153	
0127	0253	
0127	0154	
0127	0254	
1727	3353	
1727	3453	
1727	3354	
1727	3454	
1711	3321	
1711	3421	
1711	3322	
1711	3422	
0128	0155	
0128	0255	
0128	0156	
0128	0256	
1728	3355	
1728	3455	
1728	3356	
1728	3456	
1712	3323	
1712	3423	
1712	3324	
1712	3424	
0129	0157	
0129	0257	
0129	0158	
0129	0258	
1729	3357	
1729	3457	
1729	3358	
1729	3458	
1713	3325	
1713	3425	
1713	3326	
1713	3426	
0130	0159	
0130	0259	
0130	0160	
0130	0260	
1730	3359	
1730	3459	
1730	3360	
1730	3460	
1714	3327	
1714	3427	
1714	3328	
1714	3428	
0131	0161	
0131	0261	
0131	0162	
0131	0262	
1731	3361	
1731	3461	
1731	3362	
1731	3462	
1715	3329	
1715	3429	
1715	3330	
1715	3430	
0132	0163	
0132	0263	
0132	0164	
0132	0264	
1732	3363	
1732	3463	
1732	3364	
1732	3464	
1716	3331	
1716	3431	
1716	3332	
1716	3432	
0217	0333	
0217	0433	
0217	0334	
0217	0434	
1817	3533	
1817	3633	
1817	3534	
1817	3634	
1801	3501	
1801	3601	
1801	3502	
1801	3602	
0218	0335	
0218	0435	
0218	0336	
0218	0436	
1818	3535	
1818	3635	
1818	3536	
1818	3636	
1802	3503	
1802	3603	
1802	3504	
1802	3604	
0219	0337	
0219	0437	
0219	0338	
0219	0438	
1819	3537	
1819	3637	
1819	3538	
1819	3638	
1803	3505	
1803	3605	
1803	3506	
1803	3606	
0220	0339	
0220	0439	
0220	0340	
0220	0440	
1820	3539	
1820	3639	
1820	3540	
1820	3640	
1804	3507	
1804	3607	
1804	3508	
1804	3608	
0221	0341	
0221	0441	
0221	0342	
0221	0442	
1821	3541	
1821	3641	
1821	3542	
1821	3642	
1805	3509	
1805	3609	
1805	3510	
1805	3610	
0222	0343	
0222	0443	
0222	0344	
0222	0444	
1822	3543	
1822	3643	
1822	3544	
1822	3644	
1806	3511	
1806	3611	
1806	3512	
1806	3612	
0223	0345	
0223	0445	
0223	0346	
0223	0446	
1823	3545	
1823	3645	
1823	3546	
1823	3646	
1807	3513	
1807	3613	
1807	3514	
1807	3614	
0224	0347	
0224	0447	
0224	0348	
0224	0448	
1824	3547	
1824	3647	
1824	3548	
1824	3648	
1808	3515	
1808	3615	
1808	3516	
1808	3616	
0225	0349	
0225	0449	
0225	0350	
0225	0450	
1825	3549	
1825	3649	
1825	3550	
1825	3650	
1809	3517	
1809	3617	
1809	3518	
1809	3618	
0226	0351	
0226	0451	
0226	0352	
0226	0452	
1826	3551	
1826	3651	
1826	3552	
1826	3652	
1810	3519	
1810	3619	
1810	3520	
1810	3620	
0227	0353	
0227	0453	
0227	0354	
0227	0454	
1827	3553	
1827	3653	
1827	3554	
1827	3654	
1811	3521	
1811	3621	
1811	3522	
1811	3622	
0228	0355	
0228	0455	
0228	0356	
0228	0456	
1828	3555	
1828	3655	
1828	3556	
1828	3656	
1812	3523	
1812	3623	
1812	3524	
1812	3624	
0229	0357	
0229	0457	
0229	0358	
0229	0458	
1829	3557	
1829	3657	
1829	3558	
1829	3658	
1813	3525	
1813	3625	
1813	3526	
1813	3626	
0230	0359	
0230	0459	
0230	0360	
0230	0460	
1830	3559	
1830	3659	
1830	3560	
1830	3660	
1814	3527	
1814	3627	
1814	3528	
1814	3628	
0231	0361	
0231	0461	
0231	0362	
0231	0462	
1831	3561	
1831	3661	
1831	3562	
1831	3662	
1815	3529	
1815	3629	
1815	3530	
1815	3630	
0232	0363	
0232	0463	
0232	0364	
0232	0464	
1832	3563	
1832	3663	
1832	3564	
1832	3664	
1816	3531	
1816	3631	
1816	3532	
1816	3632	
0317	0533	
0317	0633	
0317	0534	
0317	0634	
1917	3733	
1917	3833	
1917	3734	
1917	3834	
1901	3701	
1901	3801	
1901	3702	
1901	3802	
0318	0535	
0318	0635	
0318	0536	
0318	0636	
1918	3735	
1918	3835	
1918	3736	
1918	3836	
1902	3703	
1902	3803	
1902	3704	
1902	3804	
0319	0537	
0319	0637	
0319	0538	
0319	0638	
1919	3737	
1919	3837	
1919	3738	
1919	3838	
1903	3705	
1903	3805	
1903	3706	
1903	3806	
0320	0539	
0320	0639	
0320	0540	
0320	0640	
1920	3739	
1920	3839	
1920	3740	
1920	3840	
1904	3707	
1904	3807	
1904	3708	
1904	3808	
0321	0541	
0321	0641	
0321	0542	
0321	0642	
1921	3741	
1921	3841	
1921	3742	
1921	3842	
1905	3709	
1905	3809	
1905	3710	
1905	3810	
0322	0543	
0322	0643	
0322	0544	
0322	0644	
1922	3743	
1922	3843	
1922	3744	
1922	3844	
1906	3711	
1906	3811	
1906	3712	
1906	3812	
0323	0545	
0323	0645	
0323	0546	
0323	0646	
1923	3745	
1923	3845	
1923	3746	
1923	3846	
1907	3713	
1907	3813	
1907	3714	
1907	3814	
0324	0547	
0324	0647	
0324	0548	
0324	0648	
1924	3747	
1924	3847	
1924	3748	
1924	3848	
1908	3715	
1908	3815	
1908	3716	
1908	3816	
0325	0549	
0325	0649	
0325	0550	
0325	0650	
1925	3749	
1925	3849	
1925	3750	
1925	3850	
1909	3717	
1909	3817	
1909	3718	
1909	3818	
0326	0551	
0326	0651	
0326	0552	
0326	0652	
1926	3751	
1926	3851	
1926	3752	
1926	3852	
1910	3719	
1910	3819	
1910	3720	
1910	3820	
0327	0553	
0327	0653	
0327	0554	
0327	0654	
1927	3753	
1927	3853	
1927	3754	
1927	3854	
1911	3721	
1911	3821	
1911	3722	
1911	3822	
0328	0555	
0328	0655	
0328	0556	
0328	0656	
1928	3755	
1928	3855	
1928	3756	
1928	3856	
1912	3723	
1912	3823	
1912	3724	
1912	3824	
0329	0557	
0329	0657	
0329	0558	
0329	0658	
1929	3757	
1929	3857	
1929	3758	
1929	3858	
1913	3725	
1913	3825	
1913	3726	
1913	3826	
0330	0559	
0330	0659	
0330	0560	
0330	0660	
1930	3759	
1930	3859	
1930	3760	
1930	3860	
1914	3727	
1914	3827	
1914	3728	
1914	3828	
0331	0561	
0331	0661	
0331	0562	
0331	0662	
1931	3761	
1931	3861	
1931	3762	
1931	3862	
1915	3729	
1915	3829	
1915	3730	
1915	3830	
0332	0563	
0332	0663	
0332	0564	
0332	0664	
1932	3763	
1932	3863	
1932	3764	
1932	3864	
1916	3731	
1916	3831	
1916	3732	
1916	3832	
0417	0733	
0417	0833	
0417	0734	
0417	0834	
2017	3933	
2017	4033	
2017	3934	
2017	4034	
2001	3901	
2001	4001	
2001	3902	
2001	4002	
0418	0735	
0418	0835	
0418	0736	
0418	0836	
2018	3935	
2018	4035	
2018	3936	
2018	4036	
2002	3903	
2002	4003	
2002	3904	
2002	4004	
0419	0737	
0419	0837	
0419	0738	
0419	0838	
2019	3937	
2019	4037	
2019	3938	
2019	4038	
2003	3905	
2003	4005	
2003	3906	
2003	4006	
0420	0739	
0420	0839	
0420	0740	
0420	0840	
2020	3939	
2020	4039	
2020	3940	
2020	4040	
2004	3907	
2004	4007	
2004	3908	
2004	4008	
0421	0741	
0421	0841	
0421	0742	
0421	0842	
2021	3941	
2021	4041	
2021	3942	
2021	4042	
2005	3909	
2005	4009	
2005	3910	
2005	4010	
0422	0743	
0422	0843	
0422	0744	
0422	0844	
2022	3943	
2022	4043	
2022	3944	
2022	4044	
2006	3911	
2006	4011	
2006	3912	
2006	4012	
0423	0745	
0423	0845	
0423	0746	
0423	0846	
2023	3945	
2023	4045	
2023	3946	
2023	4046	
2007	3913	
2007	4013	
2007	3914	
2007	4014	
0424	0747	
0424	0847	
0424	0748	
0424	0848	
2024	3947	
2024	4047	
2024	3948	
2024	4048	
2008	3915	
2008	4015	
2008	3916	
2008	4016	
0425	0749	
0425	0849	
0425	0750	
0425	0850	
2025	3949	
2025	4049	
2025	3950	
2025	4050	
2009	3917	
2009	4017	
2009	3918	
2009	4018	
0426	0751	
0426	0851	
0426	0752	
0426	0852	
2026	3951	
2026	4051	
2026	3952	
2026	4052	
2010	3919	
2010	4019	
2010	3920	
2010	4020	
0427	0753	
0427	0853	
0427	0754	
0427	0854	
2027	3953	
2027	4053	
2027	3954	
2027	4054	
2011	3921	
2011	4021	
2011	3922	
2011	4022	
0428	0755	
0428	0855	
0428	0756	
0428	0856	
2028	3955	
2028	4055	
2028	3956	
2028	4056	
2012	3923	
2012	4023	
2012	3924	
2012	4024	
0429	0757	
0429	0857	
0429	0758	
0429	0858	
2029	3957	
2029	4057	
2029	3958	
2029	4058	
2013	3925	
2013	4025	
2013	3926	
2013	4026	
0430	0759	
0430	0859	
0430	0760	
0430	0860	
2030	3959	
2030	4059	
2030	3960	
2030	4060	
2014	3927	
2014	4027	
2014	3928	
2014	4028	
0431	0761	
0431	0861	
0431	0762	
0431	0862	
2031	3961	
2031	4061	
2031	3962	
2031	4062	
2015	3929	
2015	4029	
2015	3930	
2015	4030	
0432	0763	
0432	0863	
0432	0764	
0432	0864	
2032	3963	
2032	4063	
2032	3964	
2032	4064	
2016	3931	
2016	4031	
2016	3932	
2016	4032	
0517	0933	
0517	1033	
0517	0934	
0517	1034	
2117	4133	
2117	4233	
2117	4134	
2117	4234	
2101	4101	
2101	4201	
2101	4102	
2101	4202	
0518	0935	
0518	1035	
0518	0936	
0518	1036	
2118	4135	
2118	4235	
2118	4136	
2118	4236	
2102	4103	
2102	4203	
2102	4104	
2102	4204	
0519	0937	
0519	1037	
0519	0938	
0519	1038	
2119	4137	
2119	4237	
2119	4138	
2119	4238	
2103	4105	
2103	4205	
2103	4106	
2103	4206	
0520	0939	
0520	1039	
0520	0940	
0520	1040	
2120	4139	
2120	4239	
2120	4140	
2120	4240	
2104	4107	
2104	4207	
2104	4108	
2104	4208	
0521	0941	
0521	1041	
0521	0942	
0521	1042	
2121	4141	
2121	4241	
2121	4142	
2121	4242	
2105	4109	
2105	4209	
2105	4110	
2105	4210	
0522	0943	
0522	1043	
0522	0944	
0522	1044	
2122	4143	
2122	4243	
2122	4144	
2122	4244	
2106	4111	
2106	4211	
2106	4112	
2106	4212	
0523	0945	
0523	1045	
0523	0946	
0523	1046	
2123	4145	
2123	4245	
2123	4146	
2123	4246	
2107	4113	
2107	4213	
2107	4114	
2107	4214	
0524	0947	
0524	1047	
0524	0948	
0524	1048	
2124	4147	
2124	4247	
2124	4148	
2124	4248	
2108	4115	
2108	4215	
2108	4116	
2108	4216	
0525	0949	
0525	1049	
0525	0950	
0525	1050	
2125	4149	
2125	4249	
2125	4150	
2125	4250	
2109	4117	
2109	4217	
2109	4118	
2109	4218	
0526	0951	
0526	1051	
0526	0952	
0526	1052	
2126	4151	
2126	4251	
2126	4152	
2126	4252	
2110	4119	
2110	4219	
2110	4120	
2110	4220	
0527	0953	
0527	1053	
0527	0954	
0527	1054	
2127	4153	
2127	4253	
2127	4154	
2127	4254	
2111	4121	
2111	4221	
2111	4122	
2111	4222	
0528	0955	
0528	1055	
0528	0956	
0528	1056	
2128	4155	
2128	4255	
2128	4156	
2128	4256	
2112	4123	
2112	4223	
2112	4124	
2112	4224	
0529	0957	
0529	1057	
0529	0958	
0529	1058	
2129	4157	
2129	4257	
2129	4158	
2129	4258	
2113	4125	
2113	4225	
2113	4126	
2113	4226	
0530	0959	
0530	1059	
0530	0960	
0530	1060	
2130	4159	
2130	4259	
2130	4160	
2130	4260	
2114	4127	
2114	4227	
2114	4128	
2114	4228	
0531	0961	
0531	1061	
0531	0962	
0531	1062	
2131	4161	
2131	4261	
2131	4162	
2131	4262	
2115	4129	
2115	4229	
2115	4130	
2115	4230	
0532	0963	
0532	1063	
0532	0964	
0532	1064	
2132	4163	
2132	4263	
2132	4164	
2132	4264	
2116	4131	
2116	4231	
2116	4132	
2116	4232	
0617	1133	
0617	1233	
0617	1134	
0617	1234	
2217	4333	
2217	4433	
2217	4334	
2217	4434	
2201	4301	
2201	4401	
2201	4302	
2201	4402	
0618	1135	
0618	1235	
0618	1136	
0618	1236	
2218	4335	
2218	4435	
2218	4336	
2218	4436	
2202	4303	
2202	4403	
2202	4304	
2202	4404	
0619	1137	
0619	1237	
0619	1138	
0619	1238	
2219	4337	
2219	4437	
2219	4338	
2219	4438	
2203	4305	
2203	4405	
2203	4306	
2203	4406	
0620	1139	
0620	1239	
0620	1140	
0620	1240	
2220	4339	
2220	4439	
2220	4340	
2220	4440	
2204	4307	
2204	4407	
2204	4308	
2204	4408	
0621	1141	
0621	1241	
0621	1142	
0621	1242	
2221	4341	
2221	4441	
2221	4342	
2221	4442	
2205	4309	
2205	4409	
2205	4310	
2205	4410	
0622	1143	
0622	1243	
0622	1144	
0622	1244	
2222	4343	
2222	4443	
2222	4344	
2222	4444	
2206	4311	
2206	4411	
2206	4312	
2206	4412	
0623	1145	
0623	1245	
0623	1146	
0623	1246	
2223	4345	
2223	4445	
2223	4346	
2223	4446	
2207	4313	
2207	4413	
2207	4314	
2207	4414	
0624	1147	
0624	1247	
0624	1148	
0624	1248	
2224	4347	
2224	4447	
2224	4348	
2224	4448	
2208	4315	
2208	4415	
2208	4316	
2208	4416	
0625	1149	
0625	1249	
0625	1150	
0625	1250	
2225	4349	
2225	4449	
2225	4350	
2225	4450	
2209	4317	
2209	4417	
2209	4318	
2209	4418	
0626	1151	
0626	1251	
0626	1152	
0626	1252	
2226	4351	
2226	4451	
2226	4352	
2226	4452	
2210	4319	
2210	4419	
2210	4320	
2210	4420	
0627	1153	
0627	1253	
0627	1154	
0627	1254	
2227	4353	
2227	4453	
2227	4354	
2227	4454	
2211	4321	
2211	4421	
2211	4322	
2211	4422	
0628	1155	
0628	1255	
0628	1156	
0628	1256	
2228	4355	
2228	4455	
2228	4356	
2228	4456	
2212	4323	
2212	4423	
2212	4324	
2212	4424	
0629	1157	
0629	1257	
0629	1158	
0629	1258	
2229	4357	
2229	4457	
2229	4358	
2229	4458	
2213	4325	
2213	4425	
2213	4326	
2213	4426	
0630	1159	
0630	1259	
0630	1160	
0630	1260	
2230	4359	
2230	4459	
2230	4360	
2230	4460	
2214	4327	
2214	4427	
2214	4328	
2214	4428	
0631	1161	
0631	1261	
0631	1162	
0631	1262	
2231	4361	
2231	4461	
2231	4362	
2231	4462	
2215	4329	
2215	4429	
2215	4330	
2215	4430	
0632	1163	
0632	1263	
0632	1164	
0632	1264	
2232	4363	
2232	4463	
2232	4364	
2232	4464	
2216	4331	
2216	4431	
2216	4332	
2216	4432	
0717	1333	
0717	1433	
0717	1334	
0717	1434	
2317	4533	
2317	4633	
2317	4534	
2317	4634	
2301	4501	
2301	4601	
2301	4502	
2301	4602	
0718	1335	
0718	1435	
0718	1336	
0718	1436	
2318	4535	
2318	4635	
2318	4536	
2318	4636	
2302	4503	
2302	4603	
2302	4504	
2302	4604	
0719	1337	
0719	1437	
0719	1338	
0719	1438	
2319	4537	
2319	4637	
2319	4538	
2319	4638	
2303	4505	
2303	4605	
2303	4506	
2303	4606	
0720	1339	
0720	1439	
0720	1340	
0720	1440	
2320	4539	
2320	4639	
2320	4540	
2320	4640	
2304	4507	
2304	4607	
2304	4508	
2304	4608	
0721	1341	
0721	1441	
0721	1342	
0721	1442	
2321	4541	
2321	4641	
2321	4542	
2321	4642	
2305	4509	
2305	4609	
2305	4510	
2305	4610	
0722	1343	
0722	1443	
0722	1344	
0722	1444	
2322	4543	
2322	4643	
2322	4544	
2322	4644	
2306	4511	
2306	4611	
2306	4512	
2306	4612	
0723	1345	
0723	1445	
0723	1346	
0723	1446	
2323	4545	
2323	4645	
2323	4546	
2323	4646	
2307	4513	
2307	4613	
2307	4514	
2307	4614	
0724	1347	
0724	1447	
0724	1348	
0724	1448	
2324	4547	
2324	4647	
2324	4548	
2324	4648	
2308	4515	
2308	4615	
2308	4516	
2308	4616	
0725	1349	
0725	1449	
0725	1350	
0725	1450	
2325	4549	
2325	4649	
2325	4550	
2325	4650	
2309	4517	
2309	4617	
2309	4518	
2309	4618	
0726	1351	
0726	1451	
0726	1352	
0726	1452	
2326	4551	
2326	4651	
2326	4552	
2326	4652	
2310	4519	
2310	4619	
2310	4520	
2310	4620	
0727	1353	
0727	1453	
0727	1354	
0727	1454	
2327	4553	
2327	4653	
2327	4554	
2327	4654	
2311	4521	
2311	4621	
2311	4522	
2311	4622	
0728	1355	
0728	1455	
0728	1356	
0728	1456	
2328	4555	
2328	4655	
2328	4556	
2328	4656	
2312	4523	
2312	4623	
2312	4524	
2312	4624	
0729	1357	
0729	1457	
0729	1358	
0729	1458	
2329	4557	
2329	4657	
2329	4558	
2329	4658	
2313	4525	
2313	4625	
2313	4526	
2313	4626	
0730	1359	
0730	1459	
0730	1360	
0730	1460	
2330	4559	
2330	4659	
2330	4560	
2330	4660	
2314	4527	
2314	4627	
2314	4528	
2314	4628	
0731	1361	
0731	1461	
0731	1362	
0731	1462	
2331	4561	
2331	4661	
2331	4562	
2331	4662	
2315	4529	
2315	4629	
2315	4530	
2315	4630	
0732	1363	
0732	1463	
0732	1364	
0732	1464	
2332	4563	
2332	4663	
2332	4564	
2332	4664	
2316	4531	
2316	4631	
2316	4532	
2316	4632	
0817	1533	
0817	1633	
0817	1534	
0817	1634	
2417	4733	
2417	4833	
2417	4734	
2417	4834	
2401	4701	
2401	4801	
2401	4702	
2401	4802	
0818	1535	
0818	1635	
0818	1536	
0818	1636	
2418	4735	
2418	4835	
2418	4736	
2418	4836	
2402	4703	
2402	4803	
2402	4704	
2402	4804	
0819	1537	
0819	1637	
0819	1538	
0819	1638	
2419	4737	
2419	4837	
2419	4738	
2419	4838	
2403	4705	
2403	4805	
2403	4706	
2403	4806	
0820	1539	
0820	1639	
0820	1540	
0820	1640	
2420	4739	
2420	4839	
2420	4740	
2420	4840	
2404	4707	
2404	4807	
2404	4708	
2404	4808	
0821	1541	
0821	1641	
0821	1542	
0821	1642	
2421	4741	
2421	4841	
2421	4742	
2421	4842	
2405	4709	
2405	4809	
2405	4710	
2405	4810	
0822	1543	
0822	1643	
0822	1544	
0822	1644	
2422	4743	
2422	4843	
2422	4744	
2422	4844	
2406	4711	
2406	4811	
2406	4712	
2406	4812	
0823	1545	
0823	1645	
0823	1546	
0823	1646	
2423	4745	
2423	4845	
2423	4746	
2423	4846	
2407	4713	
2407	4813	
2407	4714	
2407	4814	
0824	1547	
0824	1647	
0824	1548	
0824	1648	
2424	4747	
2424	4847	
2424	4748	
2424	4848	
2408	4715	
2408	4815	
2408	4716	
2408	4816	
0825	1549	
0825	1649	
0825	1550	
0825	1650	
2425	4749	
2425	4849	
2425	4750	
2425	4850	
2409	4717	
2409	4817	
2409	4718	
2409	4818	
0826	1551	
0826	1651	
0826	1552	
0826	1652	
2426	4751	
2426	4851	
2426	4752	
2426	4852	
2410	4719	
2410	4819	
2410	4720	
2410	4820	
0827	1553	
0827	1653	
0827	1554	
0827	1654	
2427	4753	
2427	4853	
2427	4754	
2427	4854	
2411	4721	
2411	4821	
2411	4722	
2411	4822	
0828	1555	
0828	1655	
0828	1556	
0828	1656	
2428	4755	
2428	4855	
2428	4756	
2428	4856	
2412	4723	
2412	4823	
2412	4724	
2412	4824	
0829	1557	
0829	1657	
0829	1558	
0829	1658	
2429	4757	
2429	4857	
2429	4758	
2429	4858	
2413	4725	
2413	4825	
2413	4726	
2413	4826	
0830	1559	
0830	1659	
0830	1560	
0830	1660	
2430	4759	
2430	4859	
2430	4760	
2430	4860	
2414	4727	
2414	4827	
2414	4728	
2414	4828	
0831	1561	
0831	1661	
0831	1562	
0831	1662	
2431	4761	
2431	4861	
2431	4762	
2431	4862	
2415	4729	
2415	4829	
2415	4730	
2415	4830	
0832	1563	
0832	1663	
0832	1564	
0832	1664	
2432	4763	
2432	4863	
2432	4764	
2432	4864	
2416	4731	
2416	4831	
2416	4732	
2416	4832	
0917	1733	
0917	1833	
0917	1734	
0917	1834	
2517	4933	
2517	5033	
2517	4934	
2517	5034	
2501	4901	
2501	5001	
2501	4902	
2501	5002	
0918	1735	
0918	1835	
0918	1736	
0918	1836	
2518	4935	
2518	5035	
2518	4936	
2518	5036	
2502	4903	
2502	5003	
2502	4904	
2502	5004	
0919	1737	
0919	1837	
0919	1738	
0919	1838	
2519	4937	
2519	5037	
2519	4938	
2519	5038	
2503	4905	
2503	5005	
2503	4906	
2503	5006	
0920	1739	
0920	1839	
0920	1740	
0920	1840	
2520	4939	
2520	5039	
2520	4940	
2520	5040	
2504	4907	
2504	5007	
2504	4908	
2504	5008	
0921	1741	
0921	1841	
0921	1742	
0921	1842	
2521	4941	
2521	5041	
2521	4942	
2521	5042	
2505	4909	
2505	5009	
2505	4910	
2505	5010	
0922	1743	
0922	1843	
0922	1744	
0922	1844	
2522	4943	
2522	5043	
2522	4944	
2522	5044	
2506	4911	
2506	5011	
2506	4912	
2506	5012	
0923	1745	
0923	1845	
0923	1746	
0923	1846	
2523	4945	
2523	5045	
2523	4946	
2523	5046	
2507	4913	
2507	5013	
2507	4914	
2507	5014	
0924	1747	
0924	1847	
0924	1748	
0924	1848	
2524	4947	
2524	5047	
2524	4948	
2524	5048	
2508	4915	
2508	5015	
2508	4916	
2508	5016	
0925	1749	
0925	1849	
0925	1750	
0925	1850	
2525	4949	
2525	5049	
2525	4950	
2525	5050	
2509	4917	
2509	5017	
2509	4918	
2509	5018	
0926	1751	
0926	1851	
0926	1752	
0926	1852	
2526	4951	
2526	5051	
2526	4952	
2526	5052	
2510	4919	
2510	5019	
2510	4920	
2510	5020	
0927	1753	
0927	1853	
0927	1754	
0927	1854	
2527	4953	
2527	5053	
2527	4954	
2527	5054	
2511	4921	
2511	5021	
2511	4922	
2511	5022	
0928	1755	
0928	1855	
0928	1756	
0928	1856	
2528	4955	
2528	5055	
2528	4956	
2528	5056	
2512	4923	
2512	5023	
2512	4924	
2512	5024	
0929	1757	
0929	1857	
0929	1758	
0929	1858	
2529	4957	
2529	5057	
2529	4958	
2529	5058	
2513	4925	
2513	5025	
2513	4926	
2513	5026	
0930	1759	
0930	1859	
0930	1760	
0930	1860	
2530	4959	
2530	5059	
2530	4960	
2530	5060	
2514	4927	
2514	5027	
2514	4928	
2514	5028	
0931	1761	
0931	1861	
0931	1762	
0931	1862	
2531	4961	
2531	5061	
2531	4962	
2531	5062	
2515	4929	
2515	5029	
2515	4930	
2515	5030	
0932	1763	
0932	1863	
0932	1764	
0932	1864	
2532	4963	
2532	5063	
2532	4964	
2532	5064	
2516	4931	
2516	5031	
2516	4932	
2516	5032	
1017	1933	
1017	2033	
1017	1934	
1017	2034	
2617	5133	
2617	5233	
2617	5134	
2617	5234	
2601	5101	
2601	5201	
2601	5102	
2601	5202	
1018	1935	
1018	2035	
1018	1936	
1018	2036	
2618	5135	
2618	5235	
2618	5136	
2618	5236	
2602	5103	
2602	5203	
2602	5104	
2602	5204	
1019	1937	
1019	2037	
1019	1938	
1019	2038	
2619	5137	
2619	5237	
2619	5138	
2619	5238	
2603	5105	
2603	5205	
2603	5106	
2603	5206	
1020	1939	
1020	2039	
1020	1940	
1020	2040	
2620	5139	
2620	5239	
2620	5140	
2620	5240	
2604	5107	
2604	5207	
2604	5108	
2604	5208	
1021	1941	
1021	2041	
1021	1942	
1021	2042	
2621	5141	
2621	5241	
2621	5142	
2621	5242	
2605	5109	
2605	5209	
2605	5110	
2605	5210	
1022	1943	
1022	2043	
1022	1944	
1022	2044	
2622	5143	
2622	5243	
2622	5144	
2622	5244	
2606	5111	
2606	5211	
2606	5112	
2606	5212	
1023	1945	
1023	2045	
1023	1946	
1023	2046	
2623	5145	
2623	5245	
2623	5146	
2623	5246	
2607	5113	
2607	5213	
2607	5114	
2607	5214	
1024	1947	
1024	2047	
1024	1948	
1024	2048	
2624	5147	
2624	5247	
2624	5148	
2624	5248	
2608	5115	
2608	5215	
2608	5116	
2608	5216	
1025	1949	
1025	2049	
1025	1950	
1025	2050	
2625	5149	
2625	5249	
2625	5150	
2625	5250	
2609	5117	
2609	5217	
2609	5118	
2609	5218	
1026	1951	
1026	2051	
1026	1952	
1026	2052	
2626	5151	
2626	5251	
2626	5152	
2626	5252	
2610	5119	
2610	5219	
2610	5120	
2610	5220	
1027	1953	
1027	2053	
1027	1954	
1027	2054	
2627	5153	
2627	5253	
2627	5154	
2627	5254	
2611	5121	
2611	5221	
2611	5122	
2611	5222	
1028	1955	
1028	2055	
1028	1956	
1028	2056	
2628	5155	
2628	5255	
2628	5156	
2628	5256	
2612	5123	
2612	5223	
2612	5124	
2612	5224	
1029	1957	
1029	2057	
1029	1958	
1029	2058	
2629	5157	
2629	5257	
2629	5158	
2629	5258	
2613	5125	
2613	5225	
2613	5126	
2613	5226	
1030	1959	
1030	2059	
1030	1960	
1030	2060	
2630	5159	
2630	5259	
2630	5160	
2630	5260	
2614	5127	
2614	5227	
2614	5128	
2614	5228	
1031	1961	
1031	2061	
1031	1962	
1031	2062	
2631	5161	
2631	5261	
2631	5162	
2631	5262	
2615	5129	
2615	5229	
2615	5130	
2615	5230	
1032	1963	
1032	2063	
1032	1964	
1032	2064	
2632	5163	
2632	5263	
2632	5164	
2632	5264	
2616	5131	
2616	5231	
2616	5132	
2616	5232	
1117	2133	
1117	2233	
1117	2134	
1117	2234	
2717	5333	
2717	5433	
2717	5334	
2717	5434	
2701	5301	
2701	5401	
2701	5302	
2701	5402	
1118	2135	
1118	2235	
1118	2136	
1118	2236	
2718	5335	
2718	5435	
2718	5336	
2718	5436	
2702	5303	
2702	5403	
2702	5304	
2702	5404	
1119	2137	
1119	2237	
1119	2138	
1119	2238	
2719	5337	
2719	5437	
2719	5338	
2719	5438	
2703	5305	
2703	5405	
2703	5306	
2703	5406	
1120	2139	
1120	2239	
1120	2140	
1120	2240	
2720	5339	
2720	5439	
2720	5340	
2720	5440	
2704	5307	
2704	5407	
2704	5308	
2704	5408	
1121	2141	
1121	2241	
1121	2142	
1121	2242	
2721	5341	
2721	5441	
2721	5342	
2721	5442	
2705	5309	
2705	5409	
2705	5310	
2705	5410	
1122	2143	
1122	2243	
1122	2144	
1122	2244	
2722	5343	
2722	5443	
2722	5344	
2722	5444	
2706	5311	
2706	5411	
2706	5312	
2706	5412	
1123	2145	
1123	2245	
1123	2146	
1123	2246	
2723	5345	
2723	5445	
2723	5346	
2723	5446	
2707	5313	
2707	5413	
2707	5314	
2707	5414	
1124	2147	
1124	2247	
1124	2148	
1124	2248	
2724	5347	
2724	5447	
2724	5348	
2724	5448	
2708	5315	
2708	5415	
2708	5316	
2708	5416	
1125	2149	
1125	2249	
1125	2150	
1125	2250	
2725	5349	
2725	5449	
2725	5350	
2725	5450	
2709	5317	
2709	5417	
2709	5318	
2709	5418	
1126	2151	
1126	2251	
1126	2152	
1126	2252	
2726	5351	
2726	5451	
2726	5352	
2726	5452	
2710	5319	
2710	5419	
2710	5320	
2710	5420	
1127	2153	
1127	2253	
1127	2154	
1127	2254	
2727	5353	
2727	5453	
2727	5354	
2727	5454	
2711	5321	
2711	5421	
2711	5322	
2711	5422	
1128	2155	
1128	2255	
1128	2156	
1128	2256	
2728	5355	
2728	5455	
2728	5356	
2728	5456	
2712	5323	
2712	5423	
2712	5324	
2712	5424	
1129	2157	
1129	2257	
1129	2158	
1129	2258	
2729	5357	
2729	5457	
2729	5358	
2729	5458	
2713	5325	
2713	5425	
2713	5326	
2713	5426	
1130	2159	
1130	2259	
1130	2160	
1130	2260	
2730	5359	
2730	5459	
2730	5360	
2730	5460	
2714	5327	
2714	5427	
2714	5328	
2714	5428	
1131	2161	
1131	2261	
1131	2162	
1131	2262	
2731	5361	
2731	5461	
2731	5362	
2731	5462	
2715	5329	
2715	5429	
2715	5330	
2715	5430	
1132	2163	
1132	2263	
1132	2164	
1132	2264	
2732	5363	
2732	5463	
2732	5364	
2732	5464	
2716	5331	
2716	5431	
2716	5332	
2716	5432	
1217	2333	
1217	2433	
1217	2334	
1217	2434	
2817	5533	
2817	5633	
2817	5534	
2817	5634	
2801	5501	
2801	5601	
2801	5502	
2801	5602	
1218	2335	
1218	2435	
1218	2336	
1218	2436	
2818	5535	
2818	5635	
2818	5536	
2818	5636	
2802	5503	
2802	5603	
2802	5504	
2802	5604	
1219	2337	
1219	2437	
1219	2338	
1219	2438	
2819	5537	
2819	5637	
2819	5538	
2819	5638	
2803	5505	
2803	5605	
2803	5506	
2803	5606	
1220	2339	
1220	2439	
1220	2340	
1220	2440	
2820	5539	
2820	5639	
2820	5540	
2820	5640	
2804	5507	
2804	5607	
2804	5508	
2804	5608	
1221	2341	
1221	2441	
1221	2342	
1221	2442	
2821	5541	
2821	5641	
2821	5542	
2821	5642	
2805	5509	
2805	5609	
2805	5510	
2805	5610	
1222	2343	
1222	2443	
1222	2344	
1222	2444	
2822	5543	
2822	5643	
2822	5544	
2822	5644	
2806	5511	
2806	5611	
2806	5512	
2806	5612	
1223	2345	
1223	2445	
1223	2346	
1223	2446	
2823	5545	
2823	5645	
2823	5546	
2823	5646	
2807	5513	
2807	5613	
2807	5514	
2807	5614	
1224	2347	
1224	2447	
1224	2348	
1224	2448	
2824	5547	
2824	5647	
2824	5548	
2824	5648	
2808	5515	
2808	5615	
2808	5516	
2808	5616	
1225	2349	
1225	2449	
1225	2350	
1225	2450	
2825	5549	
2825	5649	
2825	5550	
2825	5650	
2809	5517	
2809	5617	
2809	5518	
2809	5618	
1226	2351	
1226	2451	
1226	2352	
1226	2452	
2826	5551	
2826	5651	
2826	5552	
2826	5652	
2810	5519	
2810	5619	
2810	5520	
2810	5620	
1227	2353	
1227	2453	
1227	2354	
1227	2454	
2827	5553	
2827	5653	
2827	5554	
2827	5654	
2811	5521	
2811	5621	
2811	5522	
2811	5622	
1228	2355	
1228	2455	
1228	2356	
1228	2456	
2828	5555	
2828	5655	
2828	5556	
2828	5656	
2812	5523	
2812	5623	
2812	5524	
2812	5624	
1229	2357	
1229	2457	
1229	2358	
1229	2458	
2829	5557	
2829	5657	
2829	5558	
2829	5658	
2813	5525	
2813	5625	
2813	5526	
2813	5626	
1230	2359	
1230	2459	
1230	2360	
1230	2460	
2830	5559	
2830	5659	
2830	5560	
2830	5660	
2814	5527	
2814	5627	
2814	5528	
2814	5628	
1231	2361	
1231	2461	
1231	2362	
1231	2462	
2831	5561	
2831	5661	
2831	5562	
2831	5662	
2815	5529	
2815	5629	
2815	5530	
2815	5630	
1232	2363	
1232	2463	
1232	2364	
1232	2464	
2832	5563	
2832	5663	
2832	5564	
2832	5664	
2816	5531	
2816	5631	
2816	5532	
2816	5632	
1317	2533	
1317	2633	
1317	2534	
1317	2634	
2917	5733	
2917	5833	
2917	5734	
2917	5834	
2901	5701	
2901	5801	
2901	5702	
2901	5802	
1318	2535	
1318	2635	
1318	2536	
1318	2636	
2918	5735	
2918	5835	
2918	5736	
2918	5836	
2902	5703	
2902	5803	
2902	5704	
2902	5804	
1319	2537	
1319	2637	
1319	2538	
1319	2638	
2919	5737	
2919	5837	
2919	5738	
2919	5838	
2903	5705	
2903	5805	
2903	5706	
2903	5806	
1320	2539	
1320	2639	
1320	2540	
1320	2640	
2920	5739	
2920	5839	
2920	5740	
2920	5840	
2904	5707	
2904	5807	
2904	5708	
2904	5808	
1321	2541	
1321	2641	
1321	2542	
1321	2642	
2921	5741	
2921	5841	
2921	5742	
2921	5842	
2905	5709	
2905	5809	
2905	5710	
2905	5810	
1322	2543	
1322	2643	
1322	2544	
1322	2644	
2922	5743	
2922	5843	
2922	5744	
2922	5844	
2906	5711	
2906	5811	
2906	5712	
2906	5812	
1323	2545	
1323	2645	
1323	2546	
1323	2646	
2923	5745	
2923	5845	
2923	5746	
2923	5846	
2907	5713	
2907	5813	
2907	5714	
2907	5814	
1324	2547	
1324	2647	
1324	2548	
1324	2648	
2924	5747	
2924	5847	
2924	5748	
2924	5848	
2908	5715	
2908	5815	
2908	5716	
2908	5816	
1325	2549	
1325	2649	
1325	2550	
1325	2650	
2925	5749	
2925	5849	
2925	5750	
2925	5850	
2909	5717	
2909	5817	
2909	5718	
2909	5818	
1326	2551	
1326	2651	
1326	2552	
1326	2652	
2926	5751	
2926	5851	
2926	5752	
2926	5852	
2910	5719	
2910	5819	
2910	5720	
2910	5820	
1327	2553	
1327	2653	
1327	2554	
1327	2654	
2927	5753	
2927	5853	
2927	5754	
2927	5854	
2911	5721	
2911	5821	
2911	5722	
2911	5822	
1328	2555	
1328	2655	
1328	2556	
1328	2656	
2928	5755	
2928	5855	
2928	5756	
2928	5856	
2912	5723	
2912	5823	
2912	5724	
2912	5824	
1329	2557	
1329	2657	
1329	2558	
1329	2658	
2929	5757	
2929	5857	
2929	5758	
2929	5858	
2913	5725	
2913	5825	
2913	5726	
2913	5826	
1330	2559	
1330	2659	
1330	2560	
1330	2660	
2930	5759	
2930	5859	
2930	5760	
2930	5860	
2914	5727	
2914	5827	
2914	5728	
2914	5828	
1331	2561	
1331	2661	
1331	2562	
1331	2662	
2931	5761	
2931	5861	
2931	5762	
2931	5862	
2915	5729	
2915	5829	
2915	5730	
2915	5830	
1332	2563	
1332	2663	
1332	2564	
1332	2664	
2932	5763	
2932	5863	
2932	5764	
2932	5864	
2916	5731	
2916	5831	
2916	5732	
2916	5832	
1417	2733	
1417	2833	
1417	2734	
1417	2834	
3017	5933	
3017	6033	
3017	5934	
3017	6034	
3001	5901	
3001	6001	
3001	5902	
3001	6002	
1418	2735	
1418	2835	
1418	2736	
1418	2836	
3018	5935	
3018	6035	
3018	5936	
3018	6036	
3002	5903	
3002	6003	
3002	5904	
3002	6004	
1419	2737	
1419	2837	
1419	2738	
1419	2838	
3019	5937	
3019	6037	
3019	5938	
3019	6038	
3003	5905	
3003	6005	
3003	5906	
3003	6006	
1420	2739	
1420	2839	
1420	2740	
1420	2840	
3020	5939	
3020	6039	
3020	5940	
3020	6040	
3004	5907	
3004	6007	
3004	5908	
3004	6008	
1421	2741	
1421	2841	
1421	2742	
1421	2842	
3021	5941	
3021	6041	
3021	5942	
3021	6042	
3005	5909	
3005	6009	
3005	5910	
3005	6010	
1422	2743	
1422	2843	
1422	2744	
1422	2844	
3022	5943	
3022	6043	
3022	5944	
3022	6044	
3006	5911	
3006	6011	
3006	5912	
3006	6012	
1423	2745	
1423	2845	
1423	2746	
1423	2846	
3023	5945	
3023	6045	
3023	5946	
3023	6046	
3007	5913	
3007	6013	
3007	5914	
3007	6014	
1424	2747	
1424	2847	
1424	2748	
1424	2848	
3024	5947	
3024	6047	
3024	5948	
3024	6048	
3008	5915	
3008	6015	
3008	5916	
3008	6016	
1425	2749	
1425	2849	
1425	2750	
1425	2850	
3025	5949	
3025	6049	
3025	5950	
3025	6050	
3009	5917	
3009	6017	
3009	5918	
3009	6018	
1426	2751	
1426	2851	
1426	2752	
1426	2852	
3026	5951	
3026	6051	
3026	5952	
3026	6052	
3010	5919	
3010	6019	
3010	5920	
3010	6020	
1427	2753	
1427	2853	
1427	2754	
1427	2854	
3027	5953	
3027	6053	
3027	5954	
3027	6054	
3011	5921	
3011	6021	
3011	5922	
3011	6022	
1428	2755	
1428	2855	
1428	2756	
1428	2856	
3028	5955	
3028	6055	
3028	5956	
3028	6056	
3012	5923	
3012	6023	
3012	5924	
3012	6024	
1429	2757	
1429	2857	
1429	2758	
1429	2858	
3029	5957	
3029	6057	
3029	5958	
3029	6058	
3013	5925	
3013	6025	
3013	5926	
3013	6026	
1430	2759	
1430	2859	
1430	2760	
1430	2860	
3030	5959	
3030	6059	
3030	5960	
3030	6060	
3014	5927	
3014	6027	
3014	5928	
3014	6028	
1431	2761	
1431	2861	
1431	2762	
1431	2862	
3031	5961	
3031	6061	
3031	5962	
3031	6062	
3015	5929	
3015	6029	
3015	5930	
3015	6030	
1432	2763	
1432	2863	
1432	2764	
1432	2864	
3032	5963	
3032	6063	
3032	5964	
3032	6064	
3016	5931	
3016	6031	
3016	5932	
3016	6032	
1517	2933	
1517	3033	
1517	2934	
1517	3034	
3117	6133	
3117	6233	
3117	6134	
3117	6234	
3101	6101	
3101	6201	
3101	6102	
3101	6202	
1518	2935	
1518	3035	
1518	2936	
1518	3036	
3118	6135	
3118	6235	
3118	6136	
3118	6236	
3102	6103	
3102	6203	
3102	6104	
3102	6204	
1519	2937	
1519	3037	
1519	2938	
1519	3038	
3119	6137	
3119	6237	
3119	6138	
3119	6238	
3103	6105	
3103	6205	
3103	6106	
3103	6206	
1520	2939	
1520	3039	
1520	2940	
1520	3040	
3120	6139	
3120	6239	
3120	6140	
3120	6240	
3104	6107	
3104	6207	
3104	6108	
3104	6208	
1521	2941	
1521	3041	
1521	2942	
1521	3042	
3121	6141	
3121	6241	
3121	6142	
3121	6242	
3105	6109	
3105	6209	
3105	6110	
3105	6210	
1522	2943	
1522	3043	
1522	2944	
1522	3044	
3122	6143	
3122	6243	
3122	6144	
3122	6244	
3106	6111	
3106	6211	
3106	6112	
3106	6212	
1523	2945	
1523	3045	
1523	2946	
1523	3046	
3123	6145	
3123	6245	
3123	6146	
3123	6246	
3107	6113	
3107	6213	
3107	6114	
3107	6214	
1524	2947	
1524	3047	
1524	2948	
1524	3048	
3124	6147	
3124	6247	
3124	6148	
3124	6248	
3108	6115	
3108	6215	
3108	6116	
3108	6216	
1525	2949	
1525	3049	
1525	2950	
1525	3050	
3125	6149	
3125	6249	
3125	6150	
3125	6250	
3109	6117	
3109	6217	
3109	6118	
3109	6218	
1526	2951	
1526	3051	
1526	2952	
1526	3052	
3126	6151	
3126	6251	
3126	6152	
3126	6252	
3110	6119	
3110	6219	
3110	6120	
3110	6220	
1527	2953	
1527	3053	
1527	2954	
1527	3054	
3127	6153	
3127	6253	
3127	6154	
3127	6254	
3111	6121	
3111	6221	
3111	6122	
3111	6222	
1528	2955	
1528	3055	
1528	2956	
1528	3056	
3128	6155	
3128	6255	
3128	6156	
3128	6256	
3112	6123	
3112	6223	
3112	6124	
3112	6224	
1529	2957	
1529	3057	
1529	2958	
1529	3058	
3129	6157	
3129	6257	
3129	6158	
3129	6258	
3113	6125	
3113	6225	
3113	6126	
3113	6226	
1530	2959	
1530	3059	
1530	2960	
1530	3060	
3130	6159	
3130	6259	
3130	6160	
3130	6260	
3114	6127	
3114	6227	
3114	6128	
3114	6228	
1531	2961	
1531	3061	
1531	2962	
1531	3062	
3131	6161	
3131	6261	
3131	6162	
3131	6262	
3115	6129	
3115	6229	
3115	6130	
3115	6230	
1532	2963	
1532	3063	
1532	2964	
1532	3064	
3132	6163	
3132	6263	
3132	6164	
3132	6264	
3116	6131	
3116	6231	
3116	6132	
3116	6232	
1617	3133	
1617	3233	
1617	3134	
1617	3234	
3217	6333	
3217	6433	
3217	6334	
3217	6434	
3201	6301	
3201	6401	
3201	6302	
3201	6402	
1618	3135	
1618	3235	
1618	3136	
1618	3236	
3218	6335	
3218	6435	
3218	6336	
3218	6436	
3202	6303	
3202	6403	
3202	6304	
3202	6404	
1619	3137	
1619	3237	
1619	3138	
1619	3238	
3219	6337	
3219	6437	
3219	6338	
3219	6438	
3203	6305	
3203	6405	
3203	6306	
3203	6406	
1620	3139	
1620	3239	
1620	3140	
1620	3240	
3220	6339	
3220	6439	
3220	6340	
3220	6440	
3204	6307	
3204	6407	
3204	6308	
3204	6408	
1621	3141	
1621	3241	
1621	3142	
1621	3242	
3221	6341	
3221	6441	
3221	6342	
3221	6442	
3205	6309	
3205	6409	
3205	6310	
3205	6410	
1622	3143	
1622	3243	
1622	3144	
1622	3244	
3222	6343	
3222	6443	
3222	6344	
3222	6444	
3206	6311	
3206	6411	
3206	6312	
3206	6412	
1623	3145	
1623	3245	
1623	3146	
1623	3246	
3223	6345	
3223	6445	
3223	6346	
3223	6446	
3207	6313	
3207	6413	
3207	6314	
3207	6414	
1624	3147	
1624	3247	
1624	3148	
1624	3248	
3224	6347	
3224	6447	
3224	6348	
3224	6448	
3208	6315	
3208	6415	
3208	6316	
3208	6416	
1625	3149	
1625	3249	
1625	3150	
1625	3250	
3225	6349	
3225	6449	
3225	6350	
3225	6450	
3209	6317	
3209	6417	
3209	6318	
3209	6418	
1626	3151	
1626	3251	
1626	3152	
1626	3252	
3226	6351	
3226	6451	
3226	6352	
3226	6452	
3210	6319	
3210	6419	
3210	6320	
3210	6420	
1627	3153	
1627	3253	
1627	3154	
1627	3254	
3227	6353	
3227	6453	
3227	6354	
3227	6454	
3211	6321	
3211	6421	
3211	6322	
3211	6422	
1628	3155	
1628	3255	
1628	3156	
1628	3256	
3228	6355	
3228	6455	
3228	6356	
3228	6456	
3212	6323	
3212	6423	
3212	6324	
3212	6424	
1629	3157	
1629	3257	
1629	3158	
1629	3258	
3229	6357	
3229	6457	
3229	6358	
3229	6458	
3213	6325	
3213	6425	
3213	6326	
3213	6426	
1630	3159	
1630	3259	
1630	3160	
1630	3260	
3230	6359	
3230	6459	
3230	6360	
3230	6460	
3214	6327	
3214	6427	
3214	6328	
3214	6428	
1631	3161	
1631	3261	
1631	3162	
1631	3262	
3231	6361	
3231	6461	
3231	6362	
3231	6462	
3215	6329	
3215	6429	
3215	6330	
3215	6430	
1632	3163	
1632	3263	
1632	3164	
1632	3264	
3232	6363	
3232	6463	
3232	6364	
3232	6464	
3216	6331	
3216	6431	
3216	6332	
3216	6432	
