0101	4.712717e+02	3.774936e+02	2.687969e+02	Yes	
0201	4.259703e+02	3.218622e+02	2.083913e+02	Yes	
0301	4.193588e+02	3.102357e+02	1.930831e+02	Yes	
0401	3.802372e+02	2.674385e+02	1.468930e+02	Yes	
0501	4.052709e+02	3.256412e+02	2.439043e+02	Yes	
0601	4.742911e+02	4.011998e+02	3.121300e+02	Yes	
0701	5.370685e+02	4.110219e+02	3.135361e+02	Yes	
0801	5.641929e+02	4.479139e+02	3.354890e+02	Yes	
0901	3.443622e+02	2.846534e+02	2.221407e+02	Yes	
1001	1.194202e+02	1.183972e+02	1.115230e+02	Yes	
1101	9.048032e+01	8.202523e+01	6.826652e+01	Yes	
1201	8.310935e+01	7.763486e+01	6.136500e+01	Yes	
1301	7.910627e+01	7.566232e+01	6.776905e+01	Yes	
1401	1.860711e+02	1.730637e+02	1.400451e+02	Yes	
1501	6.378981e+02	5.454279e+02	4.485978e+02	Yes	
1601	5.509357e+02	4.519924e+02	3.498977e+02	Yes	
1701	1.246630e+01	8.502160e+00	1.026581e+01	Yes	
1801	0	0	0	No	
1901	0	0	0	No	
2001	0	0	0	No	
2101	0	0	0	No	
2201	-2.303452e+01	-2.459260e+01	-2.619909e+01	Yes	
2301	0	0	0	No	
2401	6.328002e-01	1.638715e+01	-1.109075e+01	Yes	
2501	-2.241623e+01	-2.537572e+01	-1.732667e+01	Yes	
2601	5.863439e+01	4.637794e+01	2.489325e+01	Yes	
2701	-2.905859e+01	-1.992112e+01	-5.429655e+00	Yes	
2801	-1.091691e+01	-1.107381e+01	-1.622254e+01	Yes	
2901	1.105552e+01	1.167256e+01	1.269246e+01	Yes	
3001	-2.220829e+01	-2.066781e+01	-2.378404e+01	Yes	
3101	-7.397260e+01	-7.085964e+01	-5.521023e+01	Yes	
3201	5.516537e+01	4.807234e+01	3.905993e+01	Yes	
3301	3.720933e+01	3.216430e+01	3.435486e+01	Yes	
3401	-1.355498e+01	-1.190334e+01	-1.262077e+01	Yes	
3501	0	0	0	No	
3601	0	0	0	No	
3701	0	0	0	No	
3801	0	0	0	No	
3901	0	0	0	No	
4001	0	0	0	No	
4101	0	0	0	No	
4201	0	0	0	No	
4301	0	0	0	No	
4401	0	0	0	No	
4501	0	0	0	No	
4601	0	0	0	No	
4701	0	0	0	No	
4801	0	0	0	No	
4901	0	0	0	No	
5001	0	0	0	No	
5101	0	0	0	No	
5201	-1.253688e+01	-1.441684e+01	-1.202604e+01	Yes	
5301	0	0	0	No	
5401	0	0	0	No	
5501	0	0	0	No	
5601	0	0	0	No	
5701	0	0	0	No	
5801	0	0	0	No	
5901	0	0	0	No	
6001	0	0	0	No	
6101	1.247506e+01	1.357492e+01	1.780844e+01	Yes	
6201	-5.865553e+01	-5.192572e+01	-4.952903e+01	Yes	
6301	3.084478e+01	2.538764e+01	2.381625e+01	Yes	
6401	0	0	0	No	
0102	5.027939e+02	4.062900e+02	2.975700e+02	Yes	
0202	4.430893e+02	3.396372e+02	2.258692e+02	Yes	
0302	4.265699e+02	3.158828e+02	2.003716e+02	Yes	
0402	4.035711e+02	2.959185e+02	1.742937e+02	Yes	
0502	3.445391e+02	2.149338e+02	9.672157e+01	Yes	
0602	4.074463e+02	3.291136e+02	2.290039e+02	Yes	
0702	4.974227e+02	3.706862e+02	3.020336e+02	Yes	
0802	5.569280e+02	4.210514e+02	3.469372e+02	Yes	
0902	5.755485e+02	4.770315e+02	3.634294e+02	Yes	
1002	2.667551e+02	2.241884e+02	1.777475e+02	Yes	
1102	1.217863e+02	1.108081e+02	9.316905e+01	Yes	
1202	9.608900e+01	9.183794e+01	7.333993e+01	Yes	
1302	1.102753e+02	1.023512e+02	8.945336e+01	Yes	
1402	1.122435e+02	1.187304e+02	1.128844e+02	Yes	
1502	6.291603e+02	5.492024e+02	4.614016e+02	Yes	
1602	5.864914e+02	4.844225e+02	3.825372e+02	Yes	
1702	2.553260e+01	2.096343e+01	2.204613e+01	Yes	
1802	0	0	0	No	
1902	0	0	0	No	
2002	0	0	0	No	
2102	0	0	0	No	
2202	9.228591e+00	1.329281e+01	2.064372e+01	Yes	
2302	0	0	0	No	
2402	-4.128447e+01	-5.746031e+00	-3.007493e+01	Yes	
2502	3.967137e+01	8.156381e+00	3.635107e+01	Yes	
2602	0	0	0	No	
2702	1.563231e+01	1.016748e+01	1.184233e+01	Yes	
2802	-3.236139e+01	-2.977675e+01	-3.077744e+01	Yes	
2902	1.417614e+01	1.173164e+01	1.165865e+01	Yes	
3002	-1.997676e+01	-1.932984e+01	-1.860428e+01	Yes	
3102	5.778267e+01	4.815572e+01	5.424416e+01	Yes	
3202	3.312769e+01	3.202968e+01	2.118279e+01	Yes	
3302	3.729653e+01	3.386605e+01	3.473799e+01	Yes	
3402	-1.519284e+01	-1.383446e+01	-1.363583e+01	Yes	
3502	0	0	0	No	
3602	0	0	0	No	
3702	0	0	0	No	
3802	0	0	0	No	
3902	0	0	0	No	
4002	0	0	0	No	
4102	0	0	0	No	
4202	0	0	0	No	
4302	1.349541e+01	1.568981e+01	1.567643e+01	Yes	
4402	0	0	0	No	
4502	0	0	0	No	
4602	0	0	0	No	
4702	0	0	0	No	
4802	-1.596385e+01	-1.574082e+01	-2.062830e+01	Yes	
4902	0	0	0	No	
5002	-1.253859e+01	-5.122420e+00	-1.170526e+01	Yes	
5102	0	0	0	No	
5202	1.268780e+01	8.592445e+00	1.041209e+01	Yes	
5302	0	0	0	No	
5402	0	0	0	No	
5502	0	0	0	No	
5602	0	0	0	No	
5702	0	0	0	No	
5802	0	0	0	No	
5902	0	0	0	No	
6002	0	0	0	No	
6102	1.048929e+01	9.503481e+00	1.161487e+01	Yes	
6202	-5.438821e+01	-5.410676e+01	-4.487922e+01	Yes	
6302	5.334438e+01	5.242136e+01	4.616212e+01	Yes	
6402	0	0	0	No	
0103	5.250675e+02	4.287232e+02	3.182540e+02	Yes	
0203	4.626897e+02	3.570885e+02	2.507766e+02	Yes	
0303	4.395118e+02	3.306540e+02	2.162774e+02	Yes	
0403	4.064484e+02	2.907435e+02	1.679863e+02	Yes	
0503	4.472331e+02	3.424803e+02	2.305548e+02	Yes	
0603	3.249778e+02	1.852440e+02	6.552703e+01	Yes	
0703	4.148194e+02	3.051459e+02	1.901994e+02	Yes	
0803	4.578967e+02	3.809476e+02	2.959204e+02	Yes	
0903	4.950677e+02	4.155007e+02	3.179524e+02	Yes	
1003	4.380647e+02	3.668009e+02	2.822734e+02	Yes	
1103	1.764954e+02	1.571029e+02	1.380242e+02	Yes	
1203	1.086372e+02	9.258957e+01	7.230839e+01	Yes	
1303	1.729223e+02	1.601857e+02	1.524672e+02	Yes	
1403	9.669397e+01	1.085769e+02	1.217698e+02	Yes	
1503	5.880600e+02	5.230595e+02	4.468883e+02	Yes	
1603	6.110683e+02	5.088673e+02	4.078434e+02	Yes	
1703	3.800046e+01	2.968487e+01	2.782565e+01	Yes	
1803	-2.016675e+01	-1.655577e+01	-1.504097e+01	Yes	
1903	0	0	0	No	
2003	0	0	0	No	
2103	2.539330e+01	2.984911e+01	3.191058e+01	Yes	
2203	2.752510e+01	3.429128e+01	3.682288e+01	Yes	
2303	-2.847411e+01	-3.250925e+01	-1.906044e+01	Yes	
2403	0	0	0	No	
2503	1.100520e+01	1.119182e+01	1.440108e+01	Yes	
2603	0	0	0	No	
2703	9.780380e+01	8.421422e+01	6.925380e+01	Yes	
2803	-3.478719e+01	-2.227057e+01	-1.523411e+01	Yes	
2903	0	0	0	No	
3003	-3.009121e+01	-3.445184e+01	-4.273029e+01	Yes	
3103	1.069345e+02	9.581571e+01	8.231269e+01	Yes	
3203	-1.770633e+01	-7.451320e+00	-1.166706e+01	Yes	
3303	3.176507e+01	2.918029e+01	3.063623e+01	Yes	
3403	-1.400632e+01	-1.263404e+01	-1.349129e+01	Yes	
3503	1.134448e+01	1.059913e+01	1.019627e+01	Yes	
3603	1.381200e+01	1.438623e+01	1.419966e+01	Yes	
3703	0	0	0	No	
3803	0	0	0	No	
3903	0	0	0	No	
4003	0	0	0	No	
4103	0	0	0	No	
4203	9.761226e+00	1.306954e+01	1.244450e+01	Yes	
4303	0	0	0	No	
4403	1.915681e+01	2.382272e+01	2.600567e+01	Yes	
4503	-8.971938e+00	-1.325879e+01	-1.009789e+01	Yes	
4603	1.252911e+01	1.583728e+01	1.522599e+01	Yes	
4703	0	0	0	No	
4803	0	0	0	No	
4903	0	0	0	No	
5003	0	0	0	No	
5103	0	0	0	No	
5203	0	0	0	No	
5303	0	0	0	No	
5403	-2.274869e+01	-2.872894e+01	-2.855901e+01	Yes	
5503	0	0	0	No	
5603	0	0	0	No	
5703	0	0	0	No	
5803	0	0	0	No	
5903	0	0	0	No	
6003	0	0	0	No	
6103	0	0	0	No	
6203	4.214314e+01	3.271084e+01	2.881946e+01	Yes	
6303	0	0	0	No	
6403	0	0	0	No	
0104	5.498422e+02	4.535132e+02	3.493135e+02	Yes	
0204	4.829102e+02	3.800508e+02	2.704704e+02	Yes	
0304	4.508819e+02	3.449290e+02	2.302920e+02	Yes	
0404	4.387284e+02	3.235213e+02	2.020640e+02	Yes	
0504	4.033230e+02	2.979011e+02	1.898526e+02	Yes	
0604	3.113829e+02	1.699930e+02	6.393421e+01	Yes	
0704	4.706435e+02	3.599642e+02	2.414782e+02	Yes	
0804	5.379923e+02	4.587055e+02	3.694245e+02	Yes	
0904	5.174765e+02	4.611203e+02	3.806210e+02	Yes	
1004	3.612797e+02	3.048962e+02	2.374150e+02	Yes	
1104	1.937782e+02	1.818154e+02	1.682216e+02	Yes	
1204	1.820054e+02	1.806818e+02	1.672560e+02	Yes	
1304	2.323341e+02	2.287403e+02	2.282784e+02	Yes	
1404	1.156197e+02	1.291347e+02	1.423367e+02	Yes	
1504	4.831303e+02	4.387429e+02	3.860313e+02	Yes	
1604	6.350947e+02	5.368053e+02	4.360052e+02	Yes	
1704	7.124177e+01	6.110388e+01	5.563892e+01	Yes	
1804	-2.677872e+01	-2.144257e+01	-2.137769e+01	Yes	
1904	0	0	0	No	
2004	0	0	0	No	
2104	0	0	0	No	
2204	2.873100e+01	3.163510e+01	2.465081e+01	Yes	
2304	-4.036012e+01	-4.196264e+01	-2.660665e+01	Yes	
2404	2.291016e+01	2.644347e+01	2.291305e+01	Yes	
2504	0	0	0	No	
2604	0	0	0	No	
2704	6.190862e+01	5.440947e+01	3.955644e+01	Yes	
2804	-2.551216e+01	-2.040153e+01	-1.140036e+01	Yes	
2904	1.128376e+01	1.488694e+01	1.763577e+01	Yes	
3004	0	0	0	No	
3104	4.520172e+01	3.674707e+01	2.320129e+01	Yes	
3204	-1.341960e+02	-1.156364e+02	-1.059609e+02	Yes	
3304	2.400581e+01	2.262382e+01	2.437657e+01	Yes	
3404	-1.216337e+01	-1.117719e+01	-1.157407e+01	Yes	
3504	0	0	0	No	
3604	0	0	0	No	
3704	0	0	0	No	
3804	0	0	0	No	
3904	0	0	0	No	
4004	0	0	0	No	
4104	0	0	0	No	
4204	0	0	0	No	
4304	8.207200e+00	1.201071e+01	1.042973e+01	Yes	
4404	1.524375e+01	1.080440e+01	5.917731e+00	Yes	
4504	0	0	0	No	
4604	-7.878519e+00	-1.337133e+01	-1.439529e+01	Yes	
4704	0	0	0	No	
4804	0	0	0	No	
4904	0	0	0	No	
5004	0	0	0	No	
5104	8.606276e+00	1.073656e+01	1.272272e+01	Yes	
5204	0	0	0	No	
5304	0	0	0	No	
5404	0	0	0	No	
5504	0	0	0	No	
5604	0	0	0	No	
5704	0	0	0	No	
5804	8.626433e+00	1.168057e+01	1.315867e+01	Yes	
5904	0	0	0	No	
6004	0	0	0	No	
6104	0	0	0	No	
6204	1.634633e+01	1.420809e+01	1.453675e+01	Yes	
6304	-8.822481e+01	-8.128092e+01	-7.346501e+01	Yes	
6404	5.865460e+01	5.379249e+01	4.939648e+01	Yes	
0105	5.731554e+02	4.716135e+02	3.707280e+02	Yes	
0205	5.013670e+02	4.002232e+02	2.870420e+02	Yes	
0305	4.715590e+02	3.619140e+02	2.445646e+02	Yes	
0405	4.644666e+02	3.470106e+02	2.202804e+02	Yes	
0505	4.094379e+02	2.743573e+02	1.448278e+02	Yes	
0605	3.681777e+02	2.037139e+02	7.749652e+01	Yes	
0705	4.792236e+02	3.453218e+02	2.051569e+02	Yes	
0805	4.868094e+02	3.589542e+02	2.206954e+02	Yes	
0905	5.238261e+02	4.534744e+02	3.689756e+02	Yes	
1005	4.975459e+02	4.479410e+02	3.741009e+02	Yes	
1105	2.408868e+02	2.179862e+02	1.935794e+02	Yes	
1205	1.600211e+02	1.438195e+02	1.275612e+02	Yes	
1305	1.753299e+02	1.670046e+02	1.547120e+02	Yes	
1405	3.521196e+01	3.482052e+01	3.207961e+01	Yes	
1505	3.691284e+02	3.300804e+02	2.842465e+02	Yes	
1605	6.501426e+02	5.525738e+02	4.532821e+02	Yes	
1705	1.004152e+02	8.740699e+01	8.223318e+01	Yes	
1805	-3.145987e+01	-2.734467e+01	-2.720712e+01	Yes	
1905	0	0	0	No	
2005	0	0	0	No	
2105	0	0	0	No	
2205	1.912099e+01	1.942799e+01	3.640427e+00	Yes	
2305	-4.110651e+01	-5.350420e+01	-4.882695e+01	Yes	
2405	1.462188e+01	2.083761e+01	1.916894e+01	Yes	
2505	0	0	0	No	
2605	0	0	0	No	
2705	-1.862726e+00	2.764400e+00	1.801466e+01	Yes	
2805	-1.939695e+01	-2.167997e+01	-2.167520e+01	Yes	
2905	0	0	0	No	
3005	0	0	0	No	
3105	4.378631e+01	3.778947e+01	3.043366e+01	Yes	
3205	-1.730191e+02	-1.561631e+02	-1.426088e+02	Yes	
3305	3.654924e+01	3.163263e+01	3.397475e+01	Yes	
3405	-1.679545e+01	-1.476827e+01	-1.484635e+01	Yes	
3505	0	0	0	No	
3605	0	0	0	No	
3705	0	0	0	No	
3805	0	0	0	No	
3905	0	0	0	No	
4005	0	0	0	No	
4105	0	0	0	No	
4205	0	0	0	No	
4305	0	0	0	No	
4405	7.047667e+00	1.075853e+01	1.663341e+01	Yes	
4505	0	0	0	No	
4605	-1.506963e+01	-1.986353e+01	-2.686757e+01	Yes	
4705	0	0	0	No	
4805	0	0	0	No	
4905	0	0	0	No	
5005	0	0	0	No	
5105	0	0	0	No	
5205	0	0	0	No	
5305	0	0	0	No	
5405	0	0	0	No	
5505	0	0	0	No	
5605	0	0	0	No	
5705	0	0	0	No	
5805	0	0	0	No	
5905	0	0	0	No	
6005	0	0	0	No	
6105	0	0	0	No	
6205	2.334206e+01	1.975899e+01	1.607416e+01	Yes	
6305	-4.287995e+01	-3.485383e+01	-2.451896e+01	Yes	
6405	2.908026e+01	2.425228e+01	2.116286e+01	Yes	
0106	5.908276e+02	4.877312e+02	3.898587e+02	Yes	
0206	5.184883e+02	4.181550e+02	3.035419e+02	Yes	
0306	4.790946e+02	3.740927e+02	2.575837e+02	Yes	
0406	4.797227e+02	3.590094e+02	2.351354e+02	Yes	
0506	4.871063e+02	3.621770e+02	2.364137e+02	Yes	
0606	4.375478e+02	3.032233e+02	1.891532e+02	Yes	
0706	4.890238e+02	3.621690e+02	2.390047e+02	Yes	
0806	4.729714e+02	3.278034e+02	1.706049e+02	Yes	
0906	4.736112e+02	3.563313e+02	2.292001e+02	Yes	
1006	5.735834e+02	4.995201e+02	4.010496e+02	Yes	
1106	3.790326e+02	3.283485e+02	2.757678e+02	Yes	
1206	1.214849e+02	1.073930e+02	1.028649e+02	Yes	
1306	1.442555e+02	1.272226e+02	1.150324e+02	Yes	
1406	2.014355e+01	1.530122e+01	6.255404e+00	Yes	
1506	5.520579e+02	4.918400e+02	4.180033e+02	Yes	
1606	6.677374e+02	5.711098e+02	4.692289e+02	Yes	
1706	5.612274e+01	4.835221e+01	4.864048e+01	Yes	
1806	-2.719883e+01	-2.479349e+01	-2.568749e+01	Yes	
1906	0	0	0	No	
2006	0	0	0	No	
2106	0	0	0	No	
2206	0	0	0	No	
2306	-1.646298e+01	-2.107282e+01	-2.873582e+01	Yes	
2406	1.144197e+01	2.353712e+01	3.942311e+01	Yes	
2506	0	0	0	No	
2606	0	0	0	No	
2706	-3.320275e+01	-3.455890e+01	-3.211597e+01	Yes	
2806	4.926490e+01	4.600996e+01	3.738175e+01	Yes	
2906	-4.840452e+01	-4.407490e+01	-3.790281e+01	Yes	
3006	0	0	0	No	
3106	4.028896e+01	2.784734e+01	2.031885e+01	Yes	
3206	0	0	0	No	
3306	5.626481e+01	5.179463e+01	5.536596e+01	Yes	
3406	-2.217410e+01	-2.102207e+01	-2.169573e+01	Yes	
3506	0	0	0	No	
3606	0	0	0	No	
3706	0	0	0	No	
3806	0	0	0	No	
3906	0	0	0	No	
4006	0	0	0	No	
4106	0	0	0	No	
4206	0	0	0	No	
4306	0	0	0	No	
4406	0	0	0	No	
4506	0	0	0	No	
4606	0	0	0	No	
4706	4.755866e+00	1.107459e+01	1.702372e+01	Yes	
4806	0	0	0	No	
4906	0	0	0	No	
5006	0	0	0	No	
5106	0	0	0	No	
5206	0	0	0	No	
5306	0	0	0	No	
5406	0	0	0	No	
5506	0	0	0	No	
5606	0	0	0	No	
5706	0	0	0	No	
5806	0	0	0	No	
5906	0	0	0	No	
6006	0	0	0	No	
6106	0	0	0	No	
6206	-3.129340e+01	-2.946329e+01	-3.088407e+01	Yes	
6306	1.764262e+01	1.775384e+01	1.699754e+01	Yes	
6406	-4.277472e+01	-4.470066e+01	-5.189493e+01	Yes	
0107	6.047207e+02	5.013626e+02	3.982354e+02	Yes	
0207	5.299053e+02	4.305515e+02	3.171443e+02	Yes	
0307	4.827500e+02	3.753150e+02	2.559952e+02	Yes	
0407	4.811496e+02	3.751051e+02	2.618760e+02	Yes	
0507	4.583297e+02	3.195780e+02	1.835104e+02	Yes	
0607	4.845196e+02	3.688093e+02	2.688750e+02	Yes	
0707	4.868180e+02	3.552392e+02	2.307024e+02	Yes	
0807	4.407918e+02	2.920399e+02	1.490670e+02	Yes	
0907	4.525329e+02	3.102998e+02	1.692185e+02	Yes	
1007	5.090083e+02	4.085120e+02	3.002281e+02	Yes	
1107	5.389240e+02	4.722106e+02	3.799778e+02	Yes	
1207	4.612600e+02	3.940198e+02	3.191135e+02	Yes	
1307	1.666818e+02	1.569946e+02	1.445501e+02	Yes	
1407	2.116266e+02	1.923051e+02	1.664996e+02	Yes	
1507	3.723406e+02	3.357669e+02	2.865304e+02	Yes	
1607	6.231682e+02	5.373229e+02	4.471235e+02	Yes	
1707	6.639288e+01	6.103060e+01	6.250402e+01	Yes	
1807	-2.393296e+01	-2.334743e+01	-2.510764e+01	Yes	
1907	0	0	0	No	
2007	0	0	0	No	
2107	0	0	0	No	
2207	2.207969e+01	3.728834e+01	4.998309e+01	Yes	
2307	0	0	0	No	
2407	0	0	0	No	
2507	-1.150127e+01	-1.251443e+01	-1.030980e+01	Yes	
2607	0	0	0	No	
2707	-1.492524e+01	-2.162483e+01	-3.012156e+01	Yes	
2807	0	0	0	No	
2907	6.467249e+01	5.823521e+01	5.432720e+01	Yes	
3007	-3.189038e+01	-2.650911e+01	-1.784044e+01	Yes	
3107	-1.067485e+02	-9.238715e+01	-7.187398e+01	Yes	
3207	6.752511e+01	5.809892e+01	4.906921e+01	Yes	
3307	1.004341e+02	9.471830e+01	9.555379e+01	Yes	
3407	-2.895272e+01	-2.791596e+01	-2.892627e+01	Yes	
3507	0	0	0	No	
3607	0	0	0	No	
3707	0	0	0	No	
3807	0	0	0	No	
3907	0	0	0	No	
4007	0	0	0	No	
4107	0	0	0	No	
4207	0	0	0	No	
4307	0	0	0	No	
4407	0	0	0	No	
4507	-1.214126e+01	-2.362439e+01	-2.957982e+01	Yes	
4607	0	0	0	No	
4707	0	0	0	No	
4807	0	0	0	No	
4907	0	0	0	No	
5007	0	0	0	No	
5107	0	0	0	No	
5207	0	0	0	No	
5307	-5.909068e+00	-1.020256e+01	-1.473860e+01	Yes	
5407	0	0	0	No	
5507	0	0	0	No	
5607	0	0	0	No	
5707	0	0	0	No	
5807	0	0	0	No	
5907	0	0	0	No	
6007	0	0	0	No	
6107	2.457989e+01	2.452112e+01	2.373286e+01	Yes	
6207	0	0	0	No	
6307	0	0	0	No	
6407	-4.571173e+01	-4.123831e+01	-2.893442e+01	Yes	
0108	6.159584e+02	5.120956e+02	4.073867e+02	Yes	
0208	5.435460e+02	4.414106e+02	3.276875e+02	Yes	
0308	4.882972e+02	3.822317e+02	2.648116e+02	Yes	
0408	4.720835e+02	3.595707e+02	2.462130e+02	Yes	
0508	4.422987e+02	3.172681e+02	1.877813e+02	Yes	
0608	4.405852e+02	3.099743e+02	1.924183e+02	Yes	
0708	3.963398e+02	2.242021e+02	9.540816e+01	Yes	
0808	3.754390e+02	1.852477e+02	2.430252e+01	Yes	
0908	4.743592e+02	3.360764e+02	2.105722e+02	Yes	
1008	5.282753e+02	4.326685e+02	3.357094e+02	Yes	
1108	6.044468e+02	5.624129e+02	5.145334e+02	Yes	
1208	5.724018e+02	4.935736e+02	4.019984e+02	Yes	
1308	2.133109e+02	2.037053e+02	1.918575e+02	Yes	
1408	1.989672e+02	1.924958e+02	1.815178e+02	Yes	
1508	1.503483e+02	1.482799e+02	1.395384e+02	Yes	
1608	5.365202e+02	4.596207e+02	3.797038e+02	Yes	
1708	4.624396e+01	4.596638e+01	4.429712e+01	Yes	
1808	-9.775397e+00	-1.213704e+01	-1.365160e+01	Yes	
1908	0	0	0	No	
2008	0	0	0	No	
2108	0	0	0	No	
2208	8.140651e+00	2.332691e+01	3.412389e+01	Yes	
2308	-7.757845e+00	-3.296525e+01	-5.580334e+01	Yes	
2408	1.806962e+01	2.468783e+01	2.253719e+01	Yes	
2508	-1.202608e+01	-2.358960e+01	-1.672204e+01	Yes	
2608	2.549726e+01	3.480563e+01	3.633127e+01	Yes	
2708	0	0	0	No	
2808	8.296632e-02	1.016150e+01	1.637305e+01	Yes	
2908	1.278160e+02	1.164154e+02	9.926438e+01	Yes	
3008	-5.836217e+01	-4.939339e+01	-3.825306e+01	Yes	
3108	0	0	0	No	
3208	8.933925e+01	7.229450e+01	6.199727e+01	Yes	
3308	7.846745e+01	7.539938e+01	7.411933e+01	Yes	
3408	-1.830583e+01	-1.863782e+01	-1.894151e+01	Yes	
3508	0	0	0	No	
3608	0	0	0	No	
3708	0	0	0	No	
3808	0	0	0	No	
3908	0	0	0	No	
4008	0	0	0	No	
4108	0	0	0	No	
4208	0	0	0	No	
4308	0	0	0	No	
4408	6.276956e+00	1.635067e+01	1.854605e+01	Yes	
4508	-3.304263e+00	-9.882539e+00	-1.571895e+01	Yes	
4608	0	0	0	No	
4708	0	0	0	No	
4808	0	0	0	No	
4908	0	0	0	No	
5008	0	0	0	No	
5108	0	0	0	No	
5208	0	0	0	No	
5308	0	0	0	No	
5408	0	0	0	No	
5508	0	0	0	No	
5608	0	0	0	No	
5708	-2.538920e+01	-2.581491e+01	-2.672894e+01	Yes	
5808	0	0	0	No	
5908	0	0	0	No	
6008	0	0	0	No	
6108	0	0	0	No	
6208	0	0	0	No	
6308	0	0	0	No	
6408	2.013952e+01	1.563174e+01	1.822315e+01	Yes	
0109	6.204287e+02	5.169449e+02	4.170940e+02	Yes	
0209	5.550285e+02	4.542504e+02	3.450455e+02	Yes	
0309	4.876939e+02	3.830802e+02	2.667924e+02	Yes	
0409	4.639606e+02	3.482175e+02	2.294902e+02	Yes	
0509	4.427826e+02	3.291858e+02	2.117730e+02	Yes	
0609	3.894050e+02	2.176563e+02	7.678012e+01	Yes	
0709	4.155269e+02	2.678018e+02	1.457563e+02	Yes	
0809	5.073134e+02	4.112711e+02	3.183740e+02	Yes	
0909	5.105067e+02	4.149747e+02	3.127091e+02	Yes	
1009	6.062454e+02	5.711217e+02	5.196733e+02	Yes	
1109	6.766635e+02	6.691944e+02	6.463483e+02	Yes	
1209	6.334826e+02	5.351984e+02	4.265920e+02	Yes	
1309	1.948486e+02	1.749408e+02	1.545755e+02	Yes	
1409	1.310816e+02	1.284779e+02	1.089561e+02	Yes	
1509	4.877396e+01	5.217151e+01	4.859568e+01	Yes	
1609	4.170039e+02	3.534484e+02	2.860165e+02	Yes	
1709	-3.465487e+01	-3.067582e+01	-2.283265e+01	Yes	
1809	1.635392e+01	1.375540e+01	1.252932e+01	Yes	
1909	0	0	0	No	
2009	0	0	0	No	
2109	0	0	0	No	
2209	-4.544125e+00	-1.901481e+01	-2.238921e+01	Yes	
2309	-1.301929e+01	-1.783655e+01	-2.180069e+01	Yes	
2409	-6.437529e+00	-1.039221e+01	-1.630792e+01	Yes	
2509	9.954652e+00	2.148809e+01	3.324976e+01	Yes	
2609	2.592533e+01	3.340911e+01	3.944405e+01	Yes	
2709	-4.039608e+01	-4.905556e+01	-5.827449e+01	Yes	
2809	4.145185e+01	7.274948e+01	1.093824e+02	Yes	
2909	3.367715e+01	2.429954e+01	1.447006e+01	Yes	
3009	-8.536391e+01	-8.188692e+01	-7.574086e+01	Yes	
3109	2.130145e+01	2.307500e+01	2.257615e+01	Yes	
3209	8.275402e+01	7.145733e+01	5.197199e+01	Yes	
3309	-2.604804e+01	-1.947243e+01	-1.590517e+01	Yes	
3409	1.599063e+01	1.225597e+01	9.869105e+00	Yes	
3509	0	0	0	No	
3609	0	0	0	No	
3709	0	0	0	No	
3809	0	0	0	No	
3909	0	0	0	No	
4009	0	0	0	No	
4109	0	0	0	No	
4209	0	0	0	No	
4309	0	0	0	No	
4409	0	0	0	No	
4509	0	0	0	No	
4609	0	0	0	No	
4709	0	0	0	No	
4809	0	0	0	No	
4909	6.321765e+00	1.441917e+01	1.647833e+01	Yes	
5009	0	0	0	No	
5109	0	0	0	No	
5209	0	0	0	No	
5309	0	0	0	No	
5409	0	0	0	No	
5509	1.409968e+01	1.663037e+01	1.773192e+01	Yes	
5609	-1.730490e+01	-1.732538e+01	-1.962316e+01	Yes	
5709	0	0	0	No	
5809	4.217988e+01	3.592663e+01	2.981599e+01	Yes	
5909	-2.847706e+01	-2.603422e+01	-2.504975e+01	Yes	
6009	1.407755e+01	1.510577e+01	1.491870e+01	Yes	
6109	0	0	0	No	
6209	0	0	0	No	
6309	0	0	0	No	
6409	4.265330e+01	3.811460e+01	3.020785e+01	Yes	
0110	6.151424e+02	5.168393e+02	4.156991e+02	Yes	
0210	5.640992e+02	4.611519e+02	3.577640e+02	Yes	
0310	4.890473e+02	3.814903e+02	2.683375e+02	Yes	
0410	4.673299e+02	3.486233e+02	2.312583e+02	Yes	
0510	4.688899e+02	3.546195e+02	2.432980e+02	Yes	
0610	4.198799e+02	2.783830e+02	1.506368e+02	Yes	
0710	4.574749e+02	3.297458e+02	2.133134e+02	Yes	
0810	4.560315e+02	3.321056e+02	2.140350e+02	Yes	
0910	5.296308e+02	4.478616e+02	3.572609e+02	Yes	
1010	6.797544e+02	6.875259e+02	6.906341e+02	Yes	
1110	6.362359e+02	6.420455e+02	6.404706e+02	Yes	
1210	6.965465e+02	6.045712e+02	5.009143e+02	Yes	
1310	4.179688e+02	3.546670e+02	2.851762e+02	Yes	
1410	1.785484e+02	1.584333e+02	1.468506e+02	Yes	
1510	4.866743e+01	4.427860e+01	4.693189e+01	Yes	
1610	4.377145e+02	3.705520e+02	3.043525e+02	Yes	
1710	0	0	0	No	
1810	1.186468e+01	1.173649e+01	6.390387e+00	Yes	
1910	1.005133e+01	9.622619e+00	1.231001e+01	Yes	
2010	0	0	0	No	
2110	0	0	0	No	
2210	0	0	0	No	
2310	3.228452e+01	4.479324e+01	6.297516e+01	Yes	
2410	2.608107e+00	1.354413e+01	2.821129e+01	Yes	
2510	0	0	0	No	
2610	-3.031973e+01	-4.231008e+01	-5.550863e+01	Yes	
2710	4.409377e+01	6.063429e+01	7.611024e+01	Yes	
2810	2.035228e+01	3.606810e+01	5.375368e+01	Yes	
2910	-3.850793e+01	-5.781317e+01	-6.733139e+01	Yes	
3010	4.845686e+01	3.697982e+01	2.801409e+01	Yes	
3110	-1.690262e+01	-1.190093e+01	-1.736210e+00	Yes	
3210	4.953888e+01	4.153959e+01	3.276503e+01	Yes	
3310	0	0	0	No	
3410	0	0	0	No	
3510	0	0	0	No	
3610	0	0	0	No	
3710	0	0	0	No	
3810	0	0	0	No	
3910	0	0	0	No	
4010	0	0	0	No	
4110	0	0	0	No	
4210	0	0	0	No	
4310	0	0	0	No	
4410	0	0	0	No	
4510	0	0	0	No	
4610	-3.564280e+00	-9.181993e+00	-2.066985e+01	Yes	
4710	0	0	0	No	
4810	0	0	0	No	
4910	-4.321294e+00	-1.498501e+01	-2.263135e+01	Yes	
5010	0	0	0	No	
5110	0	0	0	No	
5210	0	0	0	No	
5310	1.249580e+01	2.016251e+01	2.561651e+01	Yes	
5410	-6.079913e+00	-1.230617e+01	-1.515485e+01	Yes	
5510	0	0	0	No	
5610	0	0	0	No	
5710	0	0	0	No	
5810	0	0	0	No	
5910	2.358275e+01	2.431096e+01	1.930193e+01	Yes	
6010	-3.645157e+01	-3.285284e+01	-2.874017e+01	Yes	
6110	2.476819e+01	2.259569e+01	2.134185e+01	Yes	
6210	-1.481279e+01	-1.357943e+01	-1.319556e+01	Yes	
6310	0	0	0	No	
6410	0	0	0	No	
0111	6.103039e+02	5.144724e+02	4.156507e+02	Yes	
0211	5.707881e+02	4.708645e+02	3.679865e+02	Yes	
0311	4.877914e+02	3.802400e+02	2.656458e+02	Yes	
0411	4.767262e+02	3.656732e+02	2.518182e+02	Yes	
0511	4.617337e+02	3.322811e+02	2.009963e+02	Yes	
0611	5.378900e+02	4.421532e+02	3.429720e+02	Yes	
0711	4.258059e+02	2.867187e+02	1.702108e+02	Yes	
0811	3.955094e+02	2.221144e+02	6.650569e+01	Yes	
0911	4.999223e+02	3.978409e+02	2.975128e+02	Yes	
1011	6.461981e+02	5.955661e+02	5.522212e+02	Yes	
1111	6.034557e+02	5.931355e+02	5.917312e+02	Yes	
1211	6.330954e+02	5.512564e+02	4.674541e+02	Yes	
1311	6.424220e+02	5.472536e+02	4.517249e+02	Yes	
1411	5.462807e+02	4.690975e+02	3.836949e+02	Yes	
1511	5.082670e+02	4.462058e+02	3.686706e+02	Yes	
1611	5.801047e+02	4.937308e+02	4.031467e+02	Yes	
1711	1.176083e+01	1.191310e+01	1.161364e+01	Yes	
1811	0	0	0	No	
1911	1.242141e+01	1.253684e+01	1.433480e+01	Yes	
2011	0	0	0	No	
2111	0	0	0	No	
2211	0	0	0	No	
2311	-3.621804e+01	-5.815050e+01	-8.273700e+01	Yes	
2411	1.316850e+01	1.828658e+01	1.540962e+01	Yes	
2511	3.051193e+01	3.358295e+01	2.838457e+01	Yes	
2611	-1.655334e+01	-2.001629e+01	-2.243397e+01	Yes	
2711	2.433874e+01	1.703627e+01	1.165740e+01	Yes	
2811	1.925163e+01	2.566434e+01	3.634130e+01	Yes	
2911	-1.234070e+01	-1.986958e+01	-3.016521e+01	Yes	
3011	1.669451e+01	1.716662e+01	1.727120e+01	Yes	
3111	1.191780e+01	1.337062e+01	1.353431e+01	Yes	
3211	-1.036675e+01	-1.257822e+01	-1.043515e+01	Yes	
3311	1.328226e+01	1.391809e+01	1.576985e+01	Yes	
3411	0	0	0	No	
3511	0	0	0	No	
3611	0	0	0	No	
3711	0	0	0	No	
3811	0	0	0	No	
3911	0	0	0	No	
4011	0	0	0	No	
4111	0	0	0	No	
4211	0	0	0	No	
4311	0	0	0	No	
4411	0	0	0	No	
4511	-1.299776e+01	-1.442341e+01	-2.113324e+01	Yes	
4611	0	0	0	No	
4711	0	0	0	No	
4811	-2.088689e+01	-3.223811e+01	-4.041641e+01	Yes	
4911	2.582390e+01	3.542569e+01	3.768877e+01	Yes	
5011	0	0	0	No	
5111	-1.518245e+01	-1.978112e+01	-2.352483e+01	Yes	
5211	2.446404e+01	3.374169e+01	3.735639e+01	Yes	
5311	-7.469129e+00	-1.438787e+01	-1.592602e+01	Yes	
5411	0	0	0	No	
5511	0	0	0	No	
5611	0	0	0	No	
5711	0	0	0	No	
5811	0	0	0	No	
5911	0	0	0	No	
6011	-1.269796e+01	-1.295601e+01	-1.267902e+01	Yes	
6111	1.134539e+01	1.289047e+01	1.044309e+01	Yes	
6211	0	0	0	No	
6311	0	0	0	No	
6411	0	0	0	No	
0112	5.939743e+02	4.970844e+02	3.976413e+02	Yes	
0212	5.739469e+02	4.708255e+02	3.681864e+02	Yes	
0312	4.895253e+02	3.837322e+02	2.685141e+02	Yes	
0412	4.769883e+02	3.694234e+02	2.520075e+02	Yes	
0512	4.662401e+02	3.374819e+02	2.137889e+02	Yes	
0612	5.410488e+02	4.137781e+02	2.963326e+02	Yes	
0712	5.036115e+02	3.658396e+02	2.332448e+02	Yes	
0812	4.574341e+02	3.675460e+02	2.906439e+02	Yes	
0912	5.269978e+02	4.323875e+02	3.339860e+02	Yes	
1012	5.294439e+02	4.877438e+02	4.388313e+02	Yes	
1112	6.367911e+02	6.319970e+02	6.301083e+02	Yes	
1212	6.448345e+02	5.540389e+02	4.599374e+02	Yes	
1312	6.507225e+02	5.554478e+02	4.567146e+02	Yes	
1412	6.456296e+02	5.559743e+02	4.604655e+02	Yes	
1512	6.548884e+02	5.675923e+02	4.790878e+02	Yes	
1612	6.026724e+02	5.113310e+02	4.207386e+02	Yes	
1712	7.914204e+00	1.191452e+01	1.209222e+01	Yes	
1812	0	0	0	No	
1912	1.051023e+01	9.646246e+00	1.282160e+01	Yes	
2012	0	0	0	No	
2112	0	0	0	No	
2212	0	0	0	No	
2312	-2.855011e+01	-3.461637e+01	-3.918761e+01	Yes	
2412	3.289641e+01	4.315643e+01	5.828980e+01	Yes	
2512	-5.005390e+01	-7.908931e+01	-1.029482e+02	Yes	
2612	2.849985e+01	4.809572e+01	6.419658e+01	Yes	
2712	-1.766654e+01	-3.328446e+01	-5.743451e+01	Yes	
2812	1.336561e+01	3.454224e+01	5.627337e+01	Yes	
2912	-1.443276e+00	-1.828621e+01	-3.575838e+01	Yes	
3012	0	0	0	No	
3112	0	0	0	No	
3212	0	0	0	No	
3312	1.589450e+01	2.048552e+01	2.167876e+01	Yes	
3412	0	0	0	No	
3512	0	0	0	No	
3612	0	0	0	No	
3712	0	0	0	No	
3812	0	0	0	No	
3912	0	0	0	No	
4012	0	0	0	No	
4112	0	0	0	No	
4212	0	0	0	No	
4312	0	0	0	No	
4412	0	0	0	No	
4512	0	0	0	No	
4612	1.100804e+01	1.347207e+01	1.271389e+01	Yes	
4712	0	0	0	No	
4812	0	0	0	No	
4912	-1.465766e+01	-2.178880e+01	-2.714800e+01	Yes	
5012	1.800386e+01	2.482091e+01	2.671521e+01	Yes	
5112	0	0	0	No	
5212	1.215219e+01	1.769393e+01	2.200314e+01	Yes	
5312	-2.135648e+01	-3.141909e+01	-4.732882e+01	Yes	
5412	8.173949e+00	1.471681e+01	2.137212e+01	Yes	
5512	-9.183734e+00	-1.285655e+01	-1.665232e+01	Yes	
5612	7.421567e+00	1.911483e+01	3.214322e+01	Yes	
5712	0	0	0	No	
5812	0	0	0	No	
5912	0	0	0	No	
6012	0	0	0	No	
6112	0	0	0	No	
6212	0	0	0	No	
6312	0	0	0	No	
6412	0	0	0	No	
0113	5.759509e+02	4.791705e+02	3.822501e+02	Yes	
0213	5.663611e+02	4.662148e+02	3.672244e+02	Yes	
0313	4.911669e+02	3.865786e+02	2.708647e+02	Yes	
0413	4.731313e+02	3.588610e+02	2.460383e+02	Yes	
0513	4.632399e+02	3.319473e+02	2.095058e+02	Yes	
0613	5.179988e+02	3.893646e+02	2.609350e+02	Yes	
0713	6.079007e+02	5.047574e+02	4.096183e+02	Yes	
0813	5.794654e+02	4.696009e+02	3.615293e+02	Yes	
0913	5.460429e+02	4.514303e+02	3.537397e+02	Yes	
1013	5.669677e+02	4.733109e+02	3.747539e+02	Yes	
1113	6.442778e+02	5.454769e+02	4.483650e+02	Yes	
1213	6.384862e+02	5.198791e+02	3.990064e+02	Yes	
1313	6.212551e+02	5.064072e+02	3.917856e+02	Yes	
1413	5.965093e+02	4.883310e+02	3.723693e+02	Yes	
1513	5.537613e+02	4.417180e+02	3.236928e+02	Yes	
1613	5.356738e+02	4.342653e+02	3.279144e+02	Yes	
1713	-7.135605e+00	-1.488247e+01	-1.659532e+01	Yes	
1813	0	0	0	No	
1913	0	0	0	No	
2013	0	0	0	No	
2113	0	0	0	No	
2213	0	0	0	No	
2313	-3.475940e+01	-4.055436e+01	-4.483788e+01	Yes	
2413	1.350621e+01	3.317733e+01	5.564522e+01	Yes	
2513	0	0	0	No	
2613	5.517697e+00	1.227266e+01	2.057681e+01	Yes	
2713	-1.866609e+01	-3.070207e+01	-4.408583e+01	Yes	
2813	1.759859e+01	2.599391e+01	3.287306e+01	Yes	
2913	-6.988419e+00	-1.103225e+01	-1.642493e+01	Yes	
3013	0	0	0	No	
3113	0	0	0	No	
3213	0	0	0	No	
3313	-5.218402e+00	-1.254287e+01	-1.550018e+01	Yes	
3413	0	0	0	No	
3513	0	0	0	No	
3613	0	0	0	No	
3713	0	0	0	No	
3813	0	0	0	No	
3913	0	0	0	No	
4013	0	0	0	No	
4113	0	0	0	No	
4213	0	0	0	No	
4313	0	0	0	No	
4413	0	0	0	No	
4513	0	0	0	No	
4613	0	0	0	No	
4713	1.135481e+01	2.486375e+01	3.981709e+01	Yes	
4813	0	0	0	No	
4913	0	0	0	No	
5013	0	0	0	No	
5113	0	0	0	No	
5213	0	0	0	No	
5313	0	0	0	No	
5413	0	0	0	No	
5513	0	0	0	No	
5613	0	0	0	No	
5713	0	0	0	No	
5813	0	0	0	No	
5913	0	0	0	No	
6013	0	0	0	No	
6113	0	0	0	No	
6213	0	0	0	No	
6313	0	0	0	No	
6413	0	0	0	No	
0114	5.500278e+02	4.645669e+02	3.672293e+02	Yes	
0214	5.448968e+02	4.501083e+02	3.531465e+02	Yes	
0314	4.777376e+02	3.698690e+02	2.594484e+02	Yes	
0414	4.613567e+02	3.416797e+02	2.213129e+02	Yes	
0514	4.500770e+02	3.191186e+02	1.923302e+02	Yes	
0614	4.602009e+02	3.221190e+02	1.754910e+02	Yes	
0714	4.751916e+02	3.371179e+02	2.009089e+02	Yes	
0814	4.557872e+02	3.177310e+02	1.812678e+02	Yes	
0914	4.271863e+02	2.955124e+02	1.658033e+02	Yes	
1014	4.166601e+02	2.894835e+02	1.626489e+02	Yes	
1114	4.322091e+02	3.183082e+02	2.041371e+02	Yes	
1214	4.266738e+02	3.250860e+02	2.118214e+02	Yes	
1314	4.166958e+02	3.166714e+02	2.106057e+02	Yes	
1414	4.254555e+02	3.285071e+02	2.242468e+02	Yes	
1514	3.976065e+02	2.934344e+02	1.856314e+02	Yes	
1614	4.626263e+02	3.712043e+02	2.692202e+02	Yes	
1714	-2.568393e+01	-3.178633e+01	-3.409427e+01	Yes	
1814	1.231188e+01	1.611054e+01	1.784041e+01	Yes	
1914	0	0	0	No	
2014	0	0	0	No	
2114	0	0	0	No	
2214	0	0	0	No	
2314	-1.345583e+01	-1.673265e+01	-2.017631e+01	Yes	
2414	7.672389e+00	9.238054e+00	1.349547e+01	Yes	
2514	0	0	0	No	
2614	0	0	0	No	
2714	0	0	0	No	
2814	0	0	0	No	
2914	0	0	0	No	
3014	0	0	0	No	
3114	0	0	0	No	
3214	1.606631e+01	1.647380e+01	1.870299e+01	Yes	
3314	-2.588705e+01	-3.313072e+01	-3.497161e+01	Yes	
3414	1.048644e+01	1.295492e+01	1.356813e+01	Yes	
3514	0	0	0	No	
3614	0	0	0	No	
3714	0	0	0	No	
3814	0	0	0	No	
3914	0	0	0	No	
4014	0	0	0	No	
4114	0	0	0	No	
4214	0	0	0	No	
4314	0	0	0	No	
4414	0	0	0	No	
4514	0	0	0	No	
4614	0	0	0	No	
4714	0	0	0	No	
4814	0	0	0	No	
4914	0	0	0	No	
5014	0	0	0	No	
5114	0	0	0	No	
5214	0	0	0	No	
5314	0	0	0	No	
5414	0	0	0	No	
5514	0	0	0	No	
5614	0	0	0	No	
5714	0	0	0	No	
5814	0	0	0	No	
5914	0	0	0	No	
6014	0	0	0	No	
6114	0	0	0	No	
6214	0	0	0	No	
6314	0	0	0	No	
6414	0	0	0	No	
0115	5.126563e+02	4.332413e+02	3.368688e+02	Yes	
0215	5.263117e+02	4.488296e+02	3.526359e+02	Yes	
0315	4.845116e+02	3.883309e+02	2.779952e+02	Yes	
0415	4.582874e+02	3.473138e+02	2.318097e+02	Yes	
0515	4.384862e+02	3.179591e+02	1.955711e+02	Yes	
0615	4.308350e+02	3.175674e+02	1.926315e+02	Yes	
0715	4.534446e+02	3.432357e+02	2.230898e+02	Yes	
0815	4.728509e+02	3.655860e+02	2.508066e+02	Yes	
0915	5.218311e+02	4.164054e+02	2.908004e+02	Yes	
1015	5.534952e+02	4.533620e+02	3.374454e+02	Yes	
1115	5.826391e+02	4.815976e+02	3.722120e+02	Yes	
1215	6.000957e+02	5.050812e+02	3.908812e+02	Yes	
1315	6.069397e+02	5.086441e+02	3.903240e+02	Yes	
1415	5.363184e+02	4.538013e+02	3.523399e+02	Yes	
1515	4.877759e+02	4.082962e+02	3.087658e+02	Yes	
1615	4.877439e+02	4.059236e+02	3.101642e+02	Yes	
1715	0	0	0	No	
1815	0	0	0	No	
1915	0	0	0	No	
2015	0	0	0	No	
2115	0	0	0	No	
2215	0	0	0	No	
2315	0	0	0	No	
2415	0	0	0	No	
2515	0	0	0	No	
2615	0	0	0	No	
2715	0	0	0	No	
2815	0	0	0	No	
2915	0	0	0	No	
3015	0	0	0	No	
3115	0	0	0	No	
3215	0	0	0	No	
3315	0	0	0	No	
3415	0	0	0	No	
3515	0	0	0	No	
3615	0	0	0	No	
3715	0	0	0	No	
3815	0	0	0	No	
3915	0	0	0	No	
4015	0	0	0	No	
4115	0	0	0	No	
4215	0	0	0	No	
4315	0	0	0	No	
4415	0	0	0	No	
4515	0	0	0	No	
4615	0	0	0	No	
4715	0	0	0	No	
4815	0	0	0	No	
4915	0	0	0	No	
5015	0	0	0	No	
5115	0	0	0	No	
5215	0	0	0	No	
5315	0	0	0	No	
5415	0	0	0	No	
5515	0	0	0	No	
5615	0	0	0	No	
5715	0	0	0	No	
5815	0	0	0	No	
5915	0	0	0	No	
6015	0	0	0	No	
6115	0	0	0	No	
6215	0	0	0	No	
6315	0	0	0	No	
6415	0	0	0	No	
0116	4.646037e+02	3.794023e+02	2.704290e+02	Yes	
0216	3.945491e+02	3.065325e+02	2.200512e+02	Yes	
0316	3.917259e+02	2.935561e+02	1.948036e+02	Yes	
0416	4.028519e+02	2.979372e+02	1.870323e+02	Yes	
0516	4.248719e+02	3.416749e+02	2.560920e+02	Yes	
0616	4.671489e+02	3.807488e+02	2.908605e+02	Yes	
0716	4.486458e+02	3.684626e+02	2.728698e+02	Yes	
0816	4.312704e+02	3.556230e+02	2.711996e+02	Yes	
0916	3.234783e+02	2.777308e+02	2.267906e+02	Yes	
1016	2.884688e+02	2.387060e+02	1.799576e+02	Yes	
1116	2.738742e+02	2.254657e+02	1.649557e+02	Yes	
1216	2.663256e+02	2.222531e+02	1.567111e+02	Yes	
1316	2.652193e+02	2.178465e+02	1.605007e+02	Yes	
1416	4.319627e+02	3.648151e+02	2.687599e+02	Yes	
1516	5.299496e+02	4.383064e+02	3.394163e+02	Yes	
1616	4.697375e+02	3.857970e+02	2.852357e+02	Yes	
1716	0	0	0	No	
1816	0	0	0	No	
1916	1.853193e+01	1.756549e+01	1.063539e+01	Yes	
2016	-1.777013e+01	-1.854815e+01	-8.696299e+00	Yes	
2116	1.489750e+01	1.260552e+01	5.801252e+00	Yes	
2216	-1.050658e+01	-1.377652e+01	-1.519247e+01	Yes	
2316	0	0	0	No	
2416	1.579186e+01	7.962678e+00	7.022304e+00	Yes	
2516	0	0	0	No	
2616	0	0	0	No	
2716	0	0	0	No	
2816	0	0	0	No	
2916	0	0	0	No	
3016	1.661525e+01	1.868313e+01	1.567050e+01	Yes	
3116	-2.553852e+01	-2.649564e+01	-2.940624e+01	Yes	
3216	1.056475e+01	1.181656e+01	1.248874e+01	Yes	
3316	0	0	0	No	
3416	0	0	0	No	
3516	0	0	0	No	
3616	0	0	0	No	
3716	0	0	0	No	
3816	0	0	0	No	
3916	-1.282032e+01	-1.268293e+01	-6.015223e+00	Yes	
4016	0	0	0	No	
4116	0	0	0	No	
4216	0	0	0	No	
4316	0	0	0	No	
4416	0	0	0	No	
4516	0	0	0	No	
4616	0	0	0	No	
4716	0	0	0	No	
4816	0	0	0	No	
4916	0	0	0	No	
5016	0	0	0	No	
5116	0	0	0	No	
5216	0	0	0	No	
5316	0	0	0	No	
5416	0	0	0	No	
5516	0	0	0	No	
5616	0	0	0	No	
5716	0	0	0	No	
5816	0	0	0	No	
5916	0	0	0	No	
6016	0	0	0	No	
6116	0	0	0	No	
6216	0	0	0	No	
6316	0	0	0	No	
6416	0	0	0	No	
0117	0	0	0	No	
0217	-3.932759e+01	-3.032956e+01	-1.280187e+01	Yes	
0317	-3.305811e+01	-2.614718e+01	-8.275328e+00	Yes	
0417	9.617934e+00	1.420624e+01	1.780268e+01	Yes	
0517	0	0	0	No	
0617	0	0	0	No	
0717	-1.604509e+01	-4.912358e+00	6.413108e+00	Yes	
0817	0	0	0	No	
0917	6.238329e+01	4.452351e+01	1.960659e+01	Yes	
1017	7.468888e+01	5.720510e+01	3.443370e+01	Yes	
1117	7.315258e+01	5.171291e+01	3.277351e+01	Yes	
1217	6.596141e+01	4.885131e+01	3.088331e+01	Yes	
1317	6.811989e+01	5.113306e+01	2.730796e+01	Yes	
1417	0	0	0	No	
1517	-7.149996e+01	-6.688312e+01	-6.288808e+01	Yes	
1617	-3.583925e+01	-3.531225e+01	-3.112236e+01	Yes	
1717	0	0	0	No	
1817	0	0	0	No	
1917	1.934865e+01	2.100593e+01	1.463494e+01	Yes	
2017	-1.506225e+01	-1.671098e+01	-7.508689e+00	Yes	
2117	0	0	0	No	
2217	0	0	0	No	
2317	-6.576927e+00	-1.009532e+01	-1.425288e+01	Yes	
2417	0	0	0	No	
2517	-1.824300e+01	-1.661056e+01	-1.562700e+01	Yes	
2617	1.940620e+01	1.116725e+01	2.295028e+00	Yes	
2717	0	0	0	No	
2817	0	0	0	No	
2917	0	0	0	No	
3017	0	0	0	No	
3117	3.148759e+01	2.991080e+01	2.765791e+01	Yes	
3217	0	0	0	No	
3317	-1.336103e+01	-1.118271e+01	-9.644397e+00	Yes	
3417	0	0	0	No	
3517	0	0	0	No	
3617	0	0	0	No	
3717	0	0	0	No	
3817	0	0	0	No	
3917	-1.218983e+01	-1.290804e+01	-7.490392e+00	Yes	
4017	0	0	0	No	
4117	0	0	0	No	
4217	-1.483790e+01	-1.715913e+01	-1.913451e+01	Yes	
4317	0	0	0	No	
4417	0	0	0	No	
4517	0	0	0	No	
4617	0	0	0	No	
4717	0	0	0	No	
4817	0	0	0	No	
4917	0	0	0	No	
5017	0	0	0	No	
5117	0	0	0	No	
5217	0	0	0	No	
5317	0	0	0	No	
5417	0	0	0	No	
5517	0	0	0	No	
5617	0	0	0	No	
5717	0	0	0	No	
5817	0	0	0	No	
5917	0	0	0	No	
6017	0	0	0	No	
6117	1.950940e+01	1.614874e+01	1.310609e+01	Yes	
6217	-1.095135e+01	-1.098197e+01	-9.520935e+00	Yes	
6317	0	0	0	No	
6417	0	0	0	No	
0118	0	0	0	No	
0218	0	0	0	No	
0318	0	0	0	No	
0418	0	0	0	No	
0518	0	0	0	No	
0618	0	0	0	No	
0718	0	0	0	No	
0818	2.665328e+01	1.837730e+01	1.380353e+01	Yes	
0918	-4.085567e+01	-4.223898e+01	-2.920600e+01	Yes	
1018	-2.051899e+01	-1.326284e+01	-1.073564e+01	Yes	
1118	-3.152298e+01	-2.442302e+01	-1.566882e+01	Yes	
1218	-3.112203e+01	-2.575136e+01	-1.867861e+01	Yes	
1318	-3.067146e+01	-2.216680e+01	-1.131764e+01	Yes	
1418	-1.536474e+01	-1.536595e+01	-1.306060e+01	Yes	
1518	2.399235e+01	2.004386e+01	1.876467e+01	Yes	
1618	0	0	0	No	
1718	0	0	0	No	
1818	0	0	0	No	
1918	0	0	0	No	
2018	0	0	0	No	
2118	-1.208146e+01	-1.925687e+01	-1.792585e+01	Yes	
2218	0	0	0	No	
2318	0	0	0	No	
2418	0	0	0	No	
2518	0	0	0	No	
2618	-3.013209e+01	-3.027575e+01	-2.242011e+01	Yes	
2718	0	0	0	No	
2818	0	0	0	No	
2918	0	0	0	No	
3018	0	0	0	No	
3118	-3.007884e+01	-2.507811e+01	-2.002357e+01	Yes	
3218	0	0	0	No	
3318	0	0	0	No	
3418	0	0	0	No	
3518	0	0	0	No	
3618	0	0	0	No	
3718	0	0	0	No	
3818	0	0	0	No	
3918	0	0	0	No	
4018	0	0	0	No	
4118	0	0	0	No	
4218	0	0	0	No	
4318	-1.227993e+01	-1.565394e+01	-1.414319e+01	Yes	
4418	0	0	0	No	
4518	0	0	0	No	
4618	0	0	0	No	
4718	0	0	0	No	
4818	0	0	0	No	
4918	0	0	0	No	
5018	0	0	0	No	
5118	0	0	0	No	
5218	0	0	0	No	
5318	0	0	0	No	
5418	0	0	0	No	
5518	0	0	0	No	
5618	0	0	0	No	
5718	0	0	0	No	
5818	0	0	0	No	
5918	0	0	0	No	
6018	0	0	0	No	
6118	0	0	0	No	
6218	1.251404e+01	1.372721e+01	1.065276e+01	Yes	
6318	0	0	0	No	
6418	0	0	0	No	
0119	0	0	0	No	
0219	0	0	0	No	
0319	0	0	0	No	
0419	0	0	0	No	
0519	0	0	0	No	
0619	1.091101e+01	1.781638e+01	2.014630e+01	Yes	
0719	2.936647e+01	1.455593e+01	2.704634e+01	Yes	
0819	3.788630e+01	3.270605e+01	3.113426e+01	Yes	
0919	0	0	0	No	
1019	-4.880391e+01	-4.093244e+01	-2.514622e+01	Yes	
1119	1.200737e+01	1.430207e+01	1.157286e+01	Yes	
1219	1.393591e+01	1.246188e+01	1.243452e+01	Yes	
1319	0	0	0	No	
1419	0	0	0	No	
1519	0	0	0	No	
1619	0	0	0	No	
1719	0	0	0	No	
1819	0	0	0	No	
1919	0	0	0	No	
2019	0	0	0	No	
2119	0	0	0	No	
2219	0	0	0	No	
2319	0	0	0	No	
2419	-2.861850e+01	-1.164538e+01	-9.680979e+00	Yes	
2519	0	0	0	No	
2619	0	0	0	No	
2719	-4.048857e+01	-3.546876e+01	-2.524593e+01	Yes	
2819	0	0	0	No	
2919	0	0	0	No	
3019	0	0	0	No	
3119	0	0	0	No	
3219	0	0	0	No	
3319	0	0	0	No	
3419	0	0	0	No	
3519	0	0	0	No	
3619	0	0	0	No	
3719	0	0	0	No	
3819	0	0	0	No	
3919	0	0	0	No	
4019	0	0	0	No	
4119	0	0	0	No	
4219	0	0	0	No	
4319	0	0	0	No	
4419	0	0	0	No	
4519	0	0	0	No	
4619	0	0	0	No	
4719	0	0	0	No	
4819	0	0	0	No	
4919	0	0	0	No	
5019	0	0	0	No	
5119	0	0	0	No	
5219	0	0	0	No	
5319	0	0	0	No	
5419	0	0	0	No	
5519	0	0	0	No	
5619	0	0	0	No	
5719	0	0	0	No	
5819	0	0	0	No	
5919	0	0	0	No	
6019	0	0	0	No	
6119	0	0	0	No	
6219	-1.556324e+01	-1.610065e+01	-1.626077e+01	Yes	
6319	0	0	0	No	
6419	0	0	0	No	
0120	0	0	0	No	
0220	0	0	0	No	
0320	0	0	0	No	
0420	0	0	0	No	
0520	1.776312e+01	1.394046e+01	7.163718e+00	Yes	
0620	1.796165e+01	6.457229e+00	-7.570507e+00	Yes	
0720	0	0	0	No	
0820	-3.322857e+01	-2.475954e+01	-2.686564e+01	Yes	
0920	0	0	0	No	
1020	3.700837e+01	3.422236e+01	2.831519e+01	Yes	
1120	0	0	0	No	
1220	0	0	0	No	
1320	0	0	0	No	
1420	0	0	0	No	
1520	0	0	0	No	
1620	0	0	0	No	
1720	0	0	0	No	
1820	0	0	0	No	
1920	0	0	0	No	
2020	0	0	0	No	
2120	0	0	0	No	
2220	2.053443e+01	1.468185e+01	1.074376e+01	Yes	
2320	-1.734174e+01	-2.068791e+01	-1.852487e+01	Yes	
2420	2.919267e+00	-1.271257e+01	-1.802989e+01	Yes	
2520	0	0	0	No	
2620	-2.309392e+01	-2.442831e+01	-2.485339e+01	Yes	
2720	2.034639e+01	1.870484e+01	1.838048e+01	Yes	
2820	0	0	0	No	
2920	0	0	0	No	
3020	0	0	0	No	
3120	0	0	0	No	
3220	0	0	0	No	
3320	0	0	0	No	
3420	0	0	0	No	
3520	0	0	0	No	
3620	0	0	0	No	
3720	0	0	0	No	
3820	0	0	0	No	
3920	0	0	0	No	
4020	0	0	0	No	
4120	0	0	0	No	
4220	0	0	0	No	
4320	0	0	0	No	
4420	0	0	0	No	
4520	0	0	0	No	
4620	0	0	0	No	
4720	0	0	0	No	
4820	0	0	0	No	
4920	0	0	0	No	
5020	0	0	0	No	
5120	0	0	0	No	
5220	-1.306551e+01	-1.128743e+01	-1.139421e+01	Yes	
5320	0	0	0	No	
5420	0	0	0	No	
5520	0	0	0	No	
5620	0	0	0	No	
5720	0	0	0	No	
5820	0	0	0	No	
5920	0	0	0	No	
6020	0	0	0	No	
6120	0	0	0	No	
6220	0	0	0	No	
6320	0	0	0	No	
6420	0	0	0	No	
0121	0	0	0	No	
0221	0	0	0	No	
0321	0	0	0	No	
0421	0	0	0	No	
0521	1.320709e+00	1.004213e+01	1.965736e+01	Yes	
0621	0	0	0	No	
0721	0	0	0	No	
0821	1.073805e+01	1.246454e+01	1.093167e+01	Yes	
0921	-7.189152e+00	-8.483570e+00	-1.706157e+01	Yes	
1021	-1.732955e+01	-1.543058e+01	-1.313696e+01	Yes	
1121	0	0	0	No	
1221	-2.113548e+01	-2.417646e+01	-2.810393e+01	Yes	
1321	0	0	0	No	
1421	0	0	0	No	
1521	1.289636e+01	1.262387e+01	1.299702e+01	Yes	
1621	0	0	0	No	
1721	0	0	0	No	
1821	0	0	0	No	
1921	0	0	0	No	
2021	0	0	0	No	
2121	0	0	0	No	
2221	-1.661758e+01	-1.428398e+01	-9.315316e+00	Yes	
2321	0	0	0	No	
2421	-1.024805e+01	-1.103509e+01	-1.397367e+01	Yes	
2521	1.256900e+01	1.101212e+01	1.005778e+01	Yes	
2621	0	0	0	No	
2721	-1.865909e+01	-1.736159e+01	-1.893902e+01	Yes	
2821	1.299159e+01	1.215068e+01	1.079752e+01	Yes	
2921	0	0	0	No	
3021	-8.249817e+00	-1.144302e+01	-1.248522e+01	Yes	
3121	1.575678e+01	1.480637e+01	1.396762e+01	Yes	
3221	0	0	0	No	
3321	0	0	0	No	
3421	0	0	0	No	
3521	0	0	0	No	
3621	0	0	0	No	
3721	0	0	0	No	
3821	0	0	0	No	
3921	0	0	0	No	
4021	0	0	0	No	
4121	0	0	0	No	
4221	0	0	0	No	
4321	0	0	0	No	
4421	0	0	0	No	
4521	0	0	0	No	
4621	0	0	0	No	
4721	0	0	0	No	
4821	0	0	0	No	
4921	0	0	0	No	
5021	0	0	0	No	
5121	0	0	0	No	
5221	0	0	0	No	
5321	0	0	0	No	
5421	0	0	0	No	
5521	0	0	0	No	
5621	0	0	0	No	
5721	0	0	0	No	
5821	0	0	0	No	
5921	0	0	0	No	
6021	0	0	0	No	
6121	0	0	0	No	
6221	0	0	0	No	
6321	-1.555550e+01	-7.554692e+00	-1.202763e+01	Yes	
6421	0	0	0	No	
0122	0	0	0	No	
0222	0	0	0	No	
0322	0	0	0	No	
0422	0	0	0	No	
0522	-6.512607e+00	-2.086753e+01	-3.173886e+01	Yes	
0622	1.810404e+01	2.635421e+01	2.500622e+01	Yes	
0722	0	0	0	No	
0822	0	0	0	No	
0922	0	0	0	No	
1022	0	0	0	No	
1122	-1.172428e+01	-1.482199e+01	-1.291055e+01	Yes	
1222	0	0	0	No	
1322	0	0	0	No	
1422	0	0	0	No	
1522	-2.287597e+01	-2.337446e+01	-2.431242e+01	Yes	
1622	0	0	0	No	
1722	0	0	0	No	
1822	0	0	0	No	
1922	0	0	0	No	
2022	0	0	0	No	
2122	0	0	0	No	
2222	1.341183e+01	2.357049e+01	1.941941e+01	Yes	
2322	-1.477438e+01	-2.018087e+01	-2.167631e+01	Yes	
2422	0	0	0	No	
2522	0	0	0	No	
2622	-1.718065e+01	-1.808173e+01	-1.815533e+01	Yes	
2722	0	0	0	No	
2822	0	0	0	No	
2922	0	0	0	No	
3022	0	0	0	No	
3122	-1.605810e+01	-1.460047e+01	-1.030766e+01	Yes	
3222	-1.775860e+01	-2.139744e+01	-2.116532e+01	Yes	
3322	0	0	0	No	
3422	0	0	0	No	
3522	0	0	0	No	
3622	0	0	0	No	
3722	0	0	0	No	
3822	0	0	0	No	
3922	0	0	0	No	
4022	0	0	0	No	
4122	0	0	0	No	
4222	0	0	0	No	
4322	0	0	0	No	
4422	-1.798885e+01	-2.211266e+01	-1.969430e+01	Yes	
4522	0	0	0	No	
4622	0	0	0	No	
4722	0	0	0	No	
4822	0	0	0	No	
4922	0	0	0	No	
5022	0	0	0	No	
5122	0	0	0	No	
5222	0	0	0	No	
5322	0	0	0	No	
5422	0	0	0	No	
5522	1.244517e+01	1.245633e+01	1.547639e+01	Yes	
5622	0	0	0	No	
5722	0	0	0	No	
5822	0	0	0	No	
5922	0	0	0	No	
6022	0	0	0	No	
6122	0	0	0	No	
6222	0	0	0	No	
6322	0	0	0	No	
6422	1.166776e+01	1.214143e+01	1.273127e+01	Yes	
0123	0	0	0	No	
0223	0	0	0	No	
0323	0	0	0	No	
0423	0	0	0	No	
0523	8.187821e+00	2.002042e+01	3.233180e+01	Yes	
0623	-7.429127e+00	-1.874046e+01	-2.452017e+01	Yes	
0723	-7.262502e+00	-9.771808e+00	-1.344255e+01	Yes	
0823	0	0	0	No	
0923	-2.003197e+01	-2.794494e+01	-3.803111e+01	Yes	
1023	1.101904e+01	1.584397e+01	1.834113e+01	Yes	
1123	0	0	0	No	
1223	5.081743e+01	4.498332e+01	3.734298e+01	Yes	
1323	-9.571599e+00	-1.010910e+01	-1.149749e+01	Yes	
1423	0	0	0	No	
1523	-5.035547e+01	-4.944314e+01	-4.064214e+01	Yes	
1623	0	0	0	No	
1723	0	0	0	No	
1823	0	0	0	No	
1923	0	0	0	No	
2023	0	0	0	No	
2123	-7.089275e+00	-1.322842e+01	-1.389175e+01	Yes	
2223	0	0	0	No	
2323	1.639185e+01	2.463098e+01	2.487514e+01	Yes	
2423	0	0	0	No	
2523	0	0	0	No	
2623	0	0	0	No	
2723	0	0	0	No	
2823	-1.244232e+01	-1.809514e+01	-2.590524e+01	Yes	
2923	2.245851e+01	2.021388e+01	1.773777e+01	Yes	
3023	-1.126896e+01	-1.138616e+01	-9.742246e+00	Yes	
3123	1.313053e+01	1.197307e+01	1.249830e+01	Yes	
3223	0	0	0	No	
3323	0	0	0	No	
3423	0	0	0	No	
3523	0	0	0	No	
3623	0	0	0	No	
3723	0	0	0	No	
3823	0	0	0	No	
3923	0	0	0	No	
4023	0	0	0	No	
4123	0	0	0	No	
4223	0	0	0	No	
4323	0	0	0	No	
4423	0	0	0	No	
4523	-1.283966e+01	-1.570696e+01	-2.271543e+01	Yes	
4623	0	0	0	No	
4723	0	0	0	No	
4823	0	0	0	No	
4923	0	0	0	No	
5023	0	0	0	No	
5123	0	0	0	No	
5223	0	0	0	No	
5323	0	0	0	No	
5423	0	0	0	No	
5523	0	0	0	No	
5623	0	0	0	No	
5723	0	0	0	No	
5823	0	0	0	No	
5923	0	0	0	No	
6023	0	0	0	No	
6123	0	0	0	No	
6223	2.574009e+01	2.419023e+01	2.005312e+01	Yes	
6323	0	0	0	No	
6423	-2.337961e+01	-2.349158e+01	-2.448229e+01	Yes	
0124	0	0	0	No	
0224	0	0	0	No	
0324	0	0	0	No	
0424	0	0	0	No	
0524	1.461989e+01	1.462137e+01	1.286511e+01	Yes	
0624	-7.087639e+00	-1.370699e+01	-2.210328e+01	Yes	
0724	0	0	0	No	
0824	2.150177e+01	3.320275e+01	3.605214e+01	Yes	
0924	1.468835e+01	1.611907e+01	1.838775e+01	Yes	
1024	-6.952714e+00	-1.133704e+01	-1.687856e+01	Yes	
1124	3.299241e+01	3.437436e+01	2.915020e+01	Yes	
1224	-3.846736e+01	-3.712500e+01	-3.326952e+01	Yes	
1324	0	0	0	No	
1424	1.589988e+01	1.010746e+01	3.576046e+00	Yes	
1524	3.344769e+01	2.295816e+01	1.275584e+01	Yes	
1624	0	0	0	No	
1724	0	0	0	No	
1824	0	0	0	No	
1924	0	0	0	No	
2024	0	0	0	No	
2124	0	0	0	No	
2224	-1.561417e+01	-2.509466e+01	-3.161990e+01	Yes	
2324	1.591813e+01	2.735389e+01	4.066032e+01	Yes	
2424	0	0	0	No	
2524	0	0	0	No	
2624	0	0	0	No	
2724	0	0	0	No	
2824	-1.605003e+01	-9.297686e+00	-2.557778e+00	Yes	
2924	1.772803e+01	1.013045e+01	4.220008e+00	Yes	
3024	1.074699e+01	1.515029e+01	1.786775e+01	Yes	
3124	-3.089449e+01	-2.992207e+01	-2.830439e+01	Yes	
3224	0	0	0	No	
3324	0	0	0	No	
3424	0	0	0	No	
3524	0	0	0	No	
3624	0	0	0	No	
3724	0	0	0	No	
3824	0	0	0	No	
3924	0	0	0	No	
4024	0	0	0	No	
4124	0	0	0	No	
4224	0	0	0	No	
4324	0	0	0	No	
4424	0	0	0	No	
4524	1.753481e+01	2.517635e+01	2.800412e+01	Yes	
4624	-2.619521e+01	-3.475301e+01	-3.871080e+01	Yes	
4724	0	0	0	No	
4824	0	0	0	No	
4924	0	0	0	No	
5024	0	0	0	No	
5124	0	0	0	No	
5224	0	0	0	No	
5324	0	0	0	No	
5424	0	0	0	No	
5524	0	0	0	No	
5624	0	0	0	No	
5724	0	0	0	No	
5824	-1.360579e+01	-1.201374e+01	-8.535136e+00	Yes	
5924	0	0	0	No	
6024	0	0	0	No	
6124	1.115288e+01	1.085606e+01	1.487750e+01	Yes	
6224	-2.402520e+01	-2.293709e+01	-1.830183e+01	Yes	
6324	0	0	0	No	
6424	0	0	0	No	
0125	0	0	0	No	
0225	0	0	0	No	
0325	0	0	0	No	
0425	0	0	0	No	
0525	0	0	0	No	
0625	2.028956e+01	2.188731e+01	2.361387e+01	Yes	
0725	0	0	0	No	
0825	0	0	0	No	
0925	-1.707572e+01	-3.263534e+01	-5.521662e+01	Yes	
1025	-3.065794e+01	-4.223731e+01	-5.559300e+01	Yes	
1125	0	0	0	No	
1225	2.337913e+01	2.537818e+01	2.398573e+01	Yes	
1325	1.628904e+01	1.263568e+01	1.076826e+01	Yes	
1425	1.718990e+01	2.022863e+01	2.554012e+01	Yes	
1525	-1.453644e+01	-9.689256e+00	-6.590205e+00	Yes	
1625	0	0	0	No	
1725	0	0	0	No	
1825	0	0	0	No	
1925	0	0	0	No	
2025	0	0	0	No	
2125	0	0	0	No	
2225	0	0	0	No	
2325	-1.932811e+01	-2.567995e+01	-3.280587e+01	Yes	
2425	0	0	0	No	
2525	0	0	0	No	
2625	0	0	0	No	
2725	-9.949917e+00	-1.222890e+01	-1.683094e+01	Yes	
2825	0	0	0	No	
2925	0	0	0	No	
3025	0	0	0	No	
3125	8.930486e+00	1.007399e+01	1.211129e+01	Yes	
3225	0	0	0	No	
3325	0	0	0	No	
3425	0	0	0	No	
3525	0	0	0	No	
3625	0	0	0	No	
3725	0	0	0	No	
3825	0	0	0	No	
3925	0	0	0	No	
4025	0	0	0	No	
4125	0	0	0	No	
4225	0	0	0	No	
4325	0	0	0	No	
4425	0	0	0	No	
4525	0	0	0	No	
4625	0	0	0	No	
4725	0	0	0	No	
4825	0	0	0	No	
4925	0	0	0	No	
5025	0	0	0	No	
5125	0	0	0	No	
5225	0	0	0	No	
5325	0	0	0	No	
5425	0	0	0	No	
5525	0	0	0	No	
5625	0	0	0	No	
5725	0	0	0	No	
5825	1.180365e+01	1.178014e+01	1.069770e+01	Yes	
5925	0	0	0	No	
6025	0	0	0	No	
6125	0	0	0	No	
6225	0	0	0	No	
6325	0	0	0	No	
6425	0	0	0	No	
0126	0	0	0	No	
0226	0	0	0	No	
0326	0	0	0	No	
0426	0	0	0	No	
0526	0	0	0	No	
0626	0	0	0	No	
0726	-9.241999e-01	-1.983557e+01	-3.003548e+01	Yes	
0826	-1.750242e+01	-3.431187e+01	-5.166342e+01	Yes	
0926	3.408365e+01	4.943735e+01	6.796221e+01	Yes	
1026	5.350640e+01	7.059289e+01	8.712980e+01	Yes	
1126	2.858961e+01	3.162897e+01	3.041620e+01	Yes	
1226	-1.785441e+01	-1.814245e+01	-1.539006e+01	Yes	
1326	-1.655865e+01	-1.580550e+01	-1.310893e+01	Yes	
1426	0	0	0	No	
1526	0	0	0	No	
1626	1.591244e+01	1.326273e+01	7.289949e+00	Yes	
1726	1.343767e+01	1.105728e+01	8.226334e+00	Yes	
1826	0	0	0	No	
1926	0	0	0	No	
2026	0	0	0	No	
2126	0	0	0	No	
2226	0	0	0	No	
2326	0	0	0	No	
2426	-7.179809e+00	-1.761294e+01	-2.659593e+01	Yes	
2526	0	0	0	No	
2626	5.739009e+00	1.474784e+01	2.128742e+01	Yes	
2726	9.669814e+00	1.329330e+01	1.092554e+01	Yes	
2826	0	0	0	No	
2926	1.969853e+01	1.637704e+01	1.281580e+01	Yes	
3026	0	0	0	No	
3126	0	0	0	No	
3226	0	0	0	No	
3326	1.775904e+01	1.399223e+01	9.244920e+00	Yes	
3426	0	0	0	No	
3526	0	0	0	No	
3626	0	0	0	No	
3726	0	0	0	No	
3826	0	0	0	No	
3926	0	0	0	No	
4026	0	0	0	No	
4126	0	0	0	No	
4226	0	0	0	No	
4326	0	0	0	No	
4426	0	0	0	No	
4526	0	0	0	No	
4626	0	0	0	No	
4726	4.355458e+00	1.488546e+01	1.978438e+01	Yes	
4826	-1.244655e+01	-2.115640e+01	-3.353907e+01	Yes	
4926	0	0	0	No	
5026	0	0	0	No	
5126	0	0	0	No	
5226	0	0	0	No	
5326	0	0	0	No	
5426	-9.067158e+00	-1.021513e+01	-1.198328e+01	Yes	
5526	1.151277e+01	1.158721e+01	1.659737e+01	Yes	
5626	0	0	0	No	
5726	0	0	0	No	
5826	1.841208e+01	1.671710e+01	1.532844e+01	Yes	
5926	0	0	0	No	
6026	0	0	0	No	
6126	0	0	0	No	
6226	0	0	0	No	
6326	0	0	0	No	
6426	0	0	0	No	
0127	0	0	0	No	
0227	0	0	0	No	
0327	0	0	0	No	
0427	0	0	0	No	
0527	0	0	0	No	
0627	0	0	0	No	
0727	3.339929e-01	8.240181e+00	2.340082e+01	Yes	
0827	1.748110e+01	3.850726e+01	6.058639e+01	Yes	
0927	-2.899593e+01	-4.997880e+01	-6.460559e+01	Yes	
1027	-4.152764e+01	-4.378968e+01	-4.505887e+01	Yes	
1127	-1.517381e+01	-1.542060e+01	-1.107375e+01	Yes	
1227	1.695827e+01	1.950959e+01	1.760055e+01	Yes	
1327	-3.289163e+01	-2.904504e+01	-2.515805e+01	Yes	
1427	1.724485e+01	2.173426e+01	3.079439e+01	Yes	
1527	3.791767e+01	3.788543e+01	3.375692e+01	Yes	
1627	0	0	0	No	
1727	-1.941969e+01	-1.774809e+01	-1.619614e+01	Yes	
1827	0	0	0	No	
1927	0	0	0	No	
2027	0	0	0	No	
2127	0	0	0	No	
2227	0	0	0	No	
2327	0	0	0	No	
2427	1.400456e+01	3.185557e+01	4.951594e+01	Yes	
2527	-6.775295e+00	-1.807912e+01	-2.547451e+01	Yes	
2627	5.288867e+01	7.225406e+01	8.177304e+01	Yes	
2727	-1.402448e+01	-1.804719e+01	-1.574060e+01	Yes	
2827	0	0	0	No	
2927	-2.694243e+01	-2.449392e+01	-2.118443e+01	Yes	
3027	2.717144e+01	2.462176e+01	1.682217e+01	Yes	
3127	0	0	0	No	
3227	0	0	0	No	
3327	-1.709599e+01	-1.510128e+01	-1.458997e+01	Yes	
3427	0	0	0	No	
3527	0	0	0	No	
3627	0	0	0	No	
3727	0	0	0	No	
3827	0	0	0	No	
3927	0	0	0	No	
4027	0	0	0	No	
4127	0	0	0	No	
4227	0	0	0	No	
4327	0	0	0	No	
4427	0	0	0	No	
4527	0	0	0	No	
4627	0	0	0	No	
4727	0	0	0	No	
4827	1.566361e+01	2.290628e+01	2.800992e+01	Yes	
4927	-9.768388e+00	-1.476359e+01	-1.966961e+01	Yes	
5027	0	0	0	No	
5127	6.323281e+00	1.327308e+01	1.864578e+01	Yes	
5227	-2.726455e+01	-3.659800e+01	-4.288194e+01	Yes	
5327	1.883924e+01	2.064749e+01	2.556665e+01	Yes	
5427	0	0	0	No	
5527	0	0	0	No	
5627	0	0	0	No	
5727	0	0	0	No	
5827	-1.562659e+01	-1.530443e+01	-1.335632e+01	Yes	
5927	1.715768e+01	1.432164e+01	1.020177e+01	Yes	
6027	9.959061e+00	1.236820e+01	1.369681e+01	Yes	
6127	-1.684589e+01	-1.429226e+01	-1.168861e+01	Yes	
6227	1.791562e+01	1.711717e+01	1.503654e+01	Yes	
6327	-1.299556e+01	-1.281445e+01	-1.056017e+01	Yes	
6427	1.088887e+01	1.116719e+01	9.788891e+00	Yes	
0128	0	0	0	No	
0228	0	0	0	No	
0328	0	0	0	No	
0428	0	0	0	No	
0528	0	0	0	No	
0628	3.993847e+00	1.233748e+01	2.360323e+01	Yes	
0728	0	0	0	No	
0828	-1.350072e+01	-2.468281e+01	-3.158975e+01	Yes	
0928	-2.532202e+01	-2.418369e+01	-2.631269e+01	Yes	
1028	2.968161e+00	-9.989853e+00	-1.794056e+01	Yes	
1128	1.128097e+01	1.573264e+01	1.950480e+01	Yes	
1228	0	0	0	No	
1328	3.021776e+01	2.845670e+01	2.354864e+01	Yes	
1428	1.961155e+01	1.086820e+01	4.250982e+00	Yes	
1528	2.139530e+01	1.510433e+01	1.226801e+01	Yes	
1628	1.649319e+01	1.332383e+01	1.207792e+01	Yes	
1728	0	0	0	No	
1828	0	0	0	No	
1928	0	0	0	No	
2028	0	0	0	No	
2128	0	0	0	No	
2228	0	0	0	No	
2328	-1.312345e+00	-1.271595e+01	-2.098739e+01	Yes	
2428	0	0	0	No	
2528	9.437867e+00	1.351295e+01	2.250383e+01	Yes	
2628	-5.383011e+00	-1.267238e+01	-1.521714e+01	Yes	
2728	1.642602e+01	2.552718e+01	3.886509e+01	Yes	
2828	0	0	0	No	
2928	0	0	0	No	
3028	0	0	0	No	
3128	1.913073e+01	1.775341e+01	1.621756e+01	Yes	
3228	-1.594260e+01	-1.402085e+01	-1.304524e+01	Yes	
3328	0	0	0	No	
3428	0	0	0	No	
3528	0	0	0	No	
3628	0	0	0	No	
3728	0	0	0	No	
3828	0	0	0	No	
3928	0	0	0	No	
4028	0	0	0	No	
4128	0	0	0	No	
4228	0	0	0	No	
4328	0	0	0	No	
4428	0	0	0	No	
4528	0	0	0	No	
4628	0	0	0	No	
4728	0	0	0	No	
4828	0	0	0	No	
4928	-1.587474e+01	-2.282855e+01	-2.450965e+01	Yes	
5028	0	0	0	No	
5128	0	0	0	No	
5228	1.548911e+01	1.879921e+01	1.858405e+01	Yes	
5328	4.737504e+00	8.703407e+00	1.795701e+01	Yes	
5428	0	0	0	No	
5528	0	0	0	No	
5628	0	0	0	No	
5728	0	0	0	No	
5828	0	0	0	No	
5928	0	0	0	No	
6028	0	0	0	No	
6128	0	0	0	No	
6228	0	0	0	No	
6328	0	0	0	No	
6428	0	0	0	No	
0129	0	0	0	No	
0229	0	0	0	No	
0329	0	0	0	No	
0429	0	0	0	No	
0529	0	0	0	No	
0629	0	0	0	No	
0729	-1.555337e+01	-1.583111e+01	-2.168198e+01	Yes	
0829	6.334309e+00	1.155381e+01	1.683280e+01	Yes	
0929	2.584079e+01	3.102538e+01	3.506379e+01	Yes	
1029	0	0	0	No	
1129	-2.058470e+01	-3.726221e+01	-4.931503e+01	Yes	
1229	0	0	0	No	
1329	0	0	0	No	
1429	0	0	0	No	
1529	0	0	0	No	
1629	-1.003614e+01	-1.035855e+01	-1.238486e+01	Yes	
1729	0	0	0	No	
1829	0	0	0	No	
1929	0	0	0	No	
2029	0	0	0	No	
2129	0	0	0	No	
2229	0	0	0	No	
2329	0	0	0	No	
2429	2.069860e+01	2.752843e+01	3.677829e+01	Yes	
2529	-3.176317e+01	-4.829789e+01	-6.359712e+01	Yes	
2629	9.341914e+00	1.826607e+01	2.738452e+01	Yes	
2729	0	0	0	No	
2829	-1.937457e+01	-2.923021e+01	-3.286942e+01	Yes	
2929	8.022553e+00	1.039394e+01	1.339861e+01	Yes	
3029	0	0	0	No	
3129	0	0	0	No	
3229	0	0	0	No	
3329	0	0	0	No	
3429	0	0	0	No	
3529	0	0	0	No	
3629	0	0	0	No	
3729	0	0	0	No	
3829	0	0	0	No	
3929	0	0	0	No	
4029	0	0	0	No	
4129	0	0	0	No	
4229	0	0	0	No	
4329	0	0	0	No	
4429	0	0	0	No	
4529	0	0	0	No	
4629	0	0	0	No	
4729	1.477558e+01	2.005915e+01	2.606166e+01	Yes	
4829	0	0	0	No	
4929	0	0	0	No	
5029	0	0	0	No	
5129	0	0	0	No	
5229	0	0	0	No	
5329	0	0	0	No	
5429	1.420110e+01	1.800865e+01	2.262482e+01	Yes	
5529	0	0	0	No	
5629	0	0	0	No	
5729	0	0	0	No	
5829	0	0	0	No	
5929	0	0	0	No	
6029	0	0	0	No	
6129	0	0	0	No	
6229	0	0	0	No	
6329	0	0	0	No	
6429	0	0	0	No	
0130	0	0	0	No	
0230	0	0	0	No	
0330	0	0	0	No	
0430	0	0	0	No	
0530	0	0	0	No	
0630	-1.704706e+01	-1.742282e+01	-1.763562e+01	Yes	
0730	0	0	0	No	
0830	-2.884169e+01	-2.701500e+01	-2.386995e+01	Yes	
0930	-5.719011e+01	-4.499794e+01	-3.341392e+01	Yes	
1030	-3.713636e+01	-2.150889e+01	-1.110443e+01	Yes	
1130	1.061719e+01	1.392382e+01	1.929356e+01	Yes	
1230	1.970048e+01	2.711090e+01	3.816631e+01	Yes	
1330	3.461428e+01	4.233082e+01	5.564038e+01	Yes	
1430	3.391287e+01	4.364673e+01	5.158730e+01	Yes	
1530	3.809989e+01	4.391259e+01	4.902300e+01	Yes	
1630	1.809889e+01	1.679564e+01	1.988004e+01	Yes	
1730	0	0	0	No	
1830	0	0	0	No	
1930	0	0	0	No	
2030	0	0	0	No	
2130	0	0	0	No	
2230	0	0	0	No	
2330	8.823589e+00	9.262932e+00	1.368434e+01	Yes	
2430	-1.732385e+01	-1.384329e+01	-1.617018e+01	Yes	
2530	1.655474e+01	2.333672e+01	2.554211e+01	Yes	
2630	0	0	0	No	
2730	-1.130260e+01	-1.697648e+01	-2.263320e+01	Yes	
2830	9.911808e+00	1.328733e+01	1.596393e+01	Yes	
2930	0	0	0	No	
3030	0	0	0	No	
3130	0	0	0	No	
3230	0	0	0	No	
3330	0	0	0	No	
3430	0	0	0	No	
3530	0	0	0	No	
3630	0	0	0	No	
3730	0	0	0	No	
3830	0	0	0	No	
3930	0	0	0	No	
4030	0	0	0	No	
4130	0	0	0	No	
4230	0	0	0	No	
4330	0	0	0	No	
4430	0	0	0	No	
4530	0	0	0	No	
4630	0	0	0	No	
4730	0	0	0	No	
4830	0	0	0	No	
4930	0	0	0	No	
5030	0	0	0	No	
5130	0	0	0	No	
5230	0	0	0	No	
5330	0	0	0	No	
5430	0	0	0	No	
5530	0	0	0	No	
5630	0	0	0	No	
5730	0	0	0	No	
5830	0	0	0	No	
5930	0	0	0	No	
6030	0	0	0	No	
6130	0	0	0	No	
6230	0	0	0	No	
6330	0	0	0	No	
6430	0	0	0	No	
0131	0	0	0	No	
0231	0	0	0	No	
0331	0	0	0	No	
0431	-1.078390e+01	-1.276153e+01	-1.272734e+01	Yes	
0531	0	0	0	No	
0631	1.173680e+01	1.485303e+01	1.634901e+01	Yes	
0731	0	0	0	No	
0831	0	0	0	No	
0931	2.613545e+01	1.958723e+01	1.770546e+01	Yes	
1031	2.693022e+01	2.132273e+01	1.628952e+01	Yes	
1131	1.737701e+01	1.498865e+01	8.294527e+00	Yes	
1231	2.800751e+01	2.394677e+01	1.717986e+01	Yes	
1331	2.765302e+01	1.981314e+01	1.327579e+01	Yes	
1431	1.820669e+01	9.627458e+00	6.658561e+00	Yes	
1531	0	0	0	No	
1631	0	0	0	No	
1731	0	0	0	No	
1831	0	0	0	No	
1931	0	0	0	No	
2031	0	0	0	No	
2131	0	0	0	No	
2231	0	0	0	No	
2331	0	0	0	No	
2431	0	0	0	No	
2531	0	0	0	No	
2631	0	0	0	No	
2731	0	0	0	No	
2831	0	0	0	No	
2931	0	0	0	No	
3031	0	0	0	No	
3131	0	0	0	No	
3231	0	0	0	No	
3331	0	0	0	No	
3431	0	0	0	No	
3531	0	0	0	No	
3631	0	0	0	No	
3731	0	0	0	No	
3831	0	0	0	No	
3931	0	0	0	No	
4031	0	0	0	No	
4131	0	0	0	No	
4231	0	0	0	No	
4331	0	0	0	No	
4431	0	0	0	No	
4531	0	0	0	No	
4631	0	0	0	No	
4731	0	0	0	No	
4831	0	0	0	No	
4931	0	0	0	No	
5031	0	0	0	No	
5131	0	0	0	No	
5231	0	0	0	No	
5331	0	0	0	No	
5431	0	0	0	No	
5531	0	0	0	No	
5631	0	0	0	No	
5731	0	0	0	No	
5831	0	0	0	No	
5931	0	0	0	No	
6031	0	0	0	No	
6131	0	0	0	No	
6231	0	0	0	No	
6331	0	0	0	No	
6431	0	0	0	No	
0132	0	0	0	No	
0232	-2.477859e+01	-2.854070e+01	-2.639642e+01	Yes	
0332	-2.325130e+01	-3.117563e+01	-3.485981e+01	Yes	
0432	-3.227013e+01	-4.572184e+01	-5.094199e+01	Yes	
0532	-5.193569e+01	-5.971475e+01	-6.368622e+01	Yes	
0632	-5.651802e+01	-6.286970e+01	-6.455245e+01	Yes	
0732	-6.943495e+01	-7.245921e+01	-6.383578e+01	Yes	
0832	-8.225219e+01	-7.412895e+01	-5.561266e+01	Yes	
0932	-7.892248e+01	-6.276221e+01	-4.328652e+01	Yes	
1032	-7.045159e+01	-5.004543e+01	-2.588187e+01	Yes	
1132	-5.170410e+01	-2.495640e+01	-1.514977e+00	Yes	
1232	-2.810441e+01	-9.155394e+00	1.290382e+01	Yes	
1332	-4.637547e+00	9.898247e+00	2.482388e+01	Yes	
1432	4.727575e+01	5.522215e+01	6.246323e+01	Yes	
1532	8.406323e+01	8.506627e+01	8.488352e+01	Yes	
1632	3.650267e+01	3.624843e+01	3.793221e+01	Yes	
1732	1.259876e+01	1.213521e+01	1.260756e+01	Yes	
1832	0	0	0	No	
1932	9.822130e+00	1.330725e+01	1.598235e+01	Yes	
2032	-1.091506e+01	-9.907906e+00	-1.700502e+01	Yes	
2132	1.185874e+01	1.248924e+01	1.249201e+01	Yes	
2232	0	0	0	No	
2332	0	0	0	No	
2432	0	0	0	No	
2532	0	0	0	No	
2632	0	0	0	No	
2732	0	0	0	No	
2832	0	0	0	No	
2932	0	0	0	No	
3032	0	0	0	No	
3132	0	0	0	No	
3232	0	0	0	No	
3332	1.688524e+01	1.695461e+01	1.727819e+01	Yes	
3432	0	0	0	No	
3532	0	0	0	No	
3632	0	0	0	No	
3732	0	0	0	No	
3832	0	0	0	No	
3932	0	0	0	No	
4032	0	0	0	No	
4132	0	0	0	No	
4232	0	0	0	No	
4332	0	0	0	No	
4432	0	0	0	No	
4532	0	0	0	No	
4632	0	0	0	No	
4732	0	0	0	No	
4832	0	0	0	No	
4932	0	0	0	No	
5032	0	0	0	No	
5132	0	0	0	No	
5232	0	0	0	No	
5332	0	0	0	No	
5432	0	0	0	No	
5532	0	0	0	No	
5632	0	0	0	No	
5732	0	0	0	No	
5832	0	0	0	No	
5932	0	0	0	No	
6032	0	0	0	No	
6132	0	0	0	No	
6232	0	0	0	No	
6332	0	0	0	No	
6432	0	0	0	No	
0133	1.228960e+01	1.439128e+01	1.471661e+01	Yes	
0233	-5.042457e+01	-4.031862e+01	-1.477329e+01	Yes	
0333	-5.064722e+01	-4.497447e+01	-2.485425e+01	Yes	
0433	1.601649e+01	2.079013e+01	2.276790e+01	Yes	
0533	0	0	0	No	
0633	-1.891290e+01	-2.724573e+01	-3.503359e+01	Yes	
0733	7.679920e+00	-1.007255e+01	-3.296325e+01	Yes	
0833	2.469581e+01	5.151303e+00	-2.174618e+01	Yes	
0933	4.034512e+01	2.369137e+01	-2.573510e-01	Yes	
1033	7.113167e+01	5.088828e+01	3.076259e+01	Yes	
1133	8.080147e+01	6.355839e+01	4.181421e+01	Yes	
1233	8.539416e+01	6.781753e+01	4.918194e+01	Yes	
1333	7.826586e+01	6.381931e+01	4.525579e+01	Yes	
1433	-2.126307e+01	-2.161342e+01	-1.987347e+01	Yes	
1533	-5.786707e+01	-5.235849e+01	-4.898104e+01	Yes	
1633	-3.071075e+01	-2.800295e+01	-2.446974e+01	Yes	
1733	0	0	0	No	
1833	-9.519097e+00	-1.098460e+01	-1.073181e+01	Yes	
1933	2.621713e+01	2.898225e+01	2.384091e+01	Yes	
2033	-2.326777e+01	-2.586530e+01	-1.771531e+01	Yes	
2133	0	0	0	No	
2233	0	0	0	No	
2333	7.843147e+00	9.709770e+00	1.384196e+01	Yes	
2433	0	0	0	No	
2533	1.629354e+01	2.043323e+01	2.458906e+01	Yes	
2633	0	0	0	No	
2733	0	0	0	No	
2833	0	0	0	No	
2933	0	0	0	No	
3033	0	0	0	No	
3133	0	0	0	No	
3233	0	0	0	No	
3333	0	0	0	No	
3433	0	0	0	No	
3533	0	0	0	No	
3633	0	0	0	No	
3733	0	0	0	No	
3833	0	0	0	No	
3933	-1.616705e+01	-1.683544e+01	-1.248498e+01	Yes	
4033	0	0	0	No	
4133	0	0	0	No	
4233	0	0	0	No	
4333	0	0	0	No	
4433	0	0	0	No	
4533	0	0	0	No	
4633	0	0	0	No	
4733	0	0	0	No	
4833	0	0	0	No	
4933	0	0	0	No	
5033	0	0	0	No	
5133	0	0	0	No	
5233	0	0	0	No	
5333	0	0	0	No	
5433	0	0	0	No	
5533	0	0	0	No	
5633	0	0	0	No	
5733	0	0	0	No	
5833	0	0	0	No	
5933	0	0	0	No	
6033	0	0	0	No	
6133	-1.553711e+01	-1.454903e+01	-1.137226e+01	Yes	
6233	0	0	0	No	
6333	0	0	0	No	
6433	0	0	0	No	
0134	0	0	0	No	
0234	1.384492e+01	1.058845e+01	2.999471e+00	Yes	
0334	1.581312e+01	1.456629e+01	8.591648e+00	Yes	
0434	-1.367473e+01	-1.830921e+01	-1.984644e+01	Yes	
0534	0	0	0	No	
0634	6.086879e+00	1.203152e+01	2.041465e+01	Yes	
0734	0	0	0	No	
0834	-1.419416e+01	-1.313449e+01	-8.683068e+00	Yes	
0934	0	0	0	No	
1034	-2.789416e+01	-2.055013e+01	-1.371956e+01	Yes	
1134	-2.929255e+01	-2.315134e+01	-1.533152e+01	Yes	
1234	-3.358742e+01	-2.702050e+01	-1.979605e+01	Yes	
1334	-3.302676e+01	-2.789508e+01	-2.072420e+01	Yes	
1434	1.154207e+01	1.159410e+01	9.281395e+00	Yes	
1534	2.088137e+01	1.905283e+01	1.820476e+01	Yes	
1634	1.190464e+01	9.912271e+00	8.771935e+00	Yes	
1734	0	0	0	No	
1834	0	0	0	No	
1934	0	0	0	No	
2034	0	0	0	No	
2134	0	0	0	No	
2234	0	0	0	No	
2334	0	0	0	No	
2434	0	0	0	No	
2534	1.669893e+01	5.596827e+00	-3.023755e+00	Yes	
2634	9.482190e+00	1.116721e+01	1.240216e+01	Yes	
2734	0	0	0	No	
2834	0	0	0	No	
2934	0	0	0	No	
3034	0	0	0	No	
3134	0	0	0	No	
3234	0	0	0	No	
3334	0	0	0	No	
3434	0	0	0	No	
3534	0	0	0	No	
3634	0	0	0	No	
3734	0	0	0	No	
3834	0	0	0	No	
3934	0	0	0	No	
4034	0	0	0	No	
4134	0	0	0	No	
4234	0	0	0	No	
4334	0	0	0	No	
4434	0	0	0	No	
4534	0	0	0	No	
4634	0	0	0	No	
4734	0	0	0	No	
4834	0	0	0	No	
4934	0	0	0	No	
5034	0	0	0	No	
5134	0	0	0	No	
5234	0	0	0	No	
5334	0	0	0	No	
5434	0	0	0	No	
5534	0	0	0	No	
5634	0	0	0	No	
5734	0	0	0	No	
5834	0	0	0	No	
5934	0	0	0	No	
6034	0	0	0	No	
6134	0	0	0	No	
6234	0	0	0	No	
6334	0	0	0	No	
6434	0	0	0	No	
0135	0	0	0	No	
0235	0	0	0	No	
0335	0	0	0	No	
0435	1.026239e+01	1.225902e+01	1.442339e+01	Yes	
0535	0	0	0	No	
0635	0	0	0	No	
0735	0	0	0	No	
0835	0	0	0	No	
0935	0	0	0	No	
1035	1.400853e+01	1.097240e+01	9.547687e+00	Yes	
1135	0	0	0	No	
1235	0	0	0	No	
1335	0	0	0	No	
1435	0	0	0	No	
1535	0	0	0	No	
1635	0	0	0	No	
1735	0	0	0	No	
1835	0	0	0	No	
1935	0	0	0	No	
2035	0	0	0	No	
2135	-1.004383e+01	-1.388622e+01	-1.616644e+01	Yes	
2235	0	0	0	No	
2335	0	0	0	No	
2435	0	0	0	No	
2535	-1.429247e+01	-1.121611e+01	-7.749953e+00	Yes	
2635	-8.629875e+00	-1.064276e+01	-1.302237e+01	Yes	
2735	0	0	0	No	
2835	0	0	0	No	
2935	0	0	0	No	
3035	0	0	0	No	
3135	0	0	0	No	
3235	0	0	0	No	
3335	0	0	0	No	
3435	0	0	0	No	
3535	0	0	0	No	
3635	0	0	0	No	
3735	0	0	0	No	
3835	0	0	0	No	
3935	0	0	0	No	
4035	0	0	0	No	
4135	0	0	0	No	
4235	0	0	0	No	
4335	0	0	0	No	
4435	0	0	0	No	
4535	0	0	0	No	
4635	0	0	0	No	
4735	0	0	0	No	
4835	0	0	0	No	
4935	0	0	0	No	
5035	0	0	0	No	
5135	0	0	0	No	
5235	0	0	0	No	
5335	0	0	0	No	
5435	0	0	0	No	
5535	0	0	0	No	
5635	0	0	0	No	
5735	0	0	0	No	
5835	0	0	0	No	
5935	0	0	0	No	
6035	0	0	0	No	
6135	0	0	0	No	
6235	0	0	0	No	
6335	0	0	0	No	
6435	0	0	0	No	
0136	0	0	0	No	
0236	0	0	0	No	
0336	0	0	0	No	
0436	0	0	0	No	
0536	0	0	0	No	
0636	0	0	0	No	
0736	0	0	0	No	
0836	0	0	0	No	
0936	0	0	0	No	
1036	0	0	0	No	
1136	0	0	0	No	
1236	0	0	0	No	
1336	0	0	0	No	
1436	0	0	0	No	
1536	0	0	0	No	
1636	0	0	0	No	
1736	0	0	0	No	
1836	0	0	0	No	
1936	0	0	0	No	
2036	0	0	0	No	
2136	0	0	0	No	
2236	0	0	0	No	
2336	0	0	0	No	
2436	0	0	0	No	
2536	0	0	0	No	
2636	0	0	0	No	
2736	0	0	0	No	
2836	0	0	0	No	
2936	0	0	0	No	
3036	0	0	0	No	
3136	0	0	0	No	
3236	0	0	0	No	
3336	0	0	0	No	
3436	0	0	0	No	
3536	0	0	0	No	
3636	0	0	0	No	
3736	0	0	0	No	
3836	0	0	0	No	
3936	0	0	0	No	
4036	0	0	0	No	
4136	0	0	0	No	
4236	0	0	0	No	
4336	0	0	0	No	
4436	0	0	0	No	
4536	0	0	0	No	
4636	0	0	0	No	
4736	0	0	0	No	
4836	0	0	0	No	
4936	0	0	0	No	
5036	0	0	0	No	
5136	0	0	0	No	
5236	0	0	0	No	
5336	0	0	0	No	
5436	0	0	0	No	
5536	0	0	0	No	
5636	0	0	0	No	
5736	0	0	0	No	
5836	0	0	0	No	
5936	0	0	0	No	
6036	0	0	0	No	
6136	0	0	0	No	
6236	0	0	0	No	
6336	0	0	0	No	
6436	0	0	0	No	
0137	0	0	0	No	
0237	0	0	0	No	
0337	0	0	0	No	
0437	0	0	0	No	
0537	0	0	0	No	
0637	0	0	0	No	
0737	0	0	0	No	
0837	0	0	0	No	
0937	0	0	0	No	
1037	0	0	0	No	
1137	0	0	0	No	
1237	0	0	0	No	
1337	0	0	0	No	
1437	0	0	0	No	
1537	0	0	0	No	
1637	0	0	0	No	
1737	0	0	0	No	
1837	0	0	0	No	
1937	0	0	0	No	
2037	0	0	0	No	
2137	0	0	0	No	
2237	0	0	0	No	
2337	0	0	0	No	
2437	0	0	0	No	
2537	0	0	0	No	
2637	0	0	0	No	
2737	0	0	0	No	
2837	0	0	0	No	
2937	0	0	0	No	
3037	0	0	0	No	
3137	0	0	0	No	
3237	0	0	0	No	
3337	0	0	0	No	
3437	0	0	0	No	
3537	0	0	0	No	
3637	0	0	0	No	
3737	0	0	0	No	
3837	0	0	0	No	
3937	0	0	0	No	
4037	0	0	0	No	
4137	0	0	0	No	
4237	0	0	0	No	
4337	0	0	0	No	
4437	0	0	0	No	
4537	0	0	0	No	
4637	0	0	0	No	
4737	0	0	0	No	
4837	0	0	0	No	
4937	0	0	0	No	
5037	0	0	0	No	
5137	0	0	0	No	
5237	0	0	0	No	
5337	0	0	0	No	
5437	0	0	0	No	
5537	0	0	0	No	
5637	0	0	0	No	
5737	0	0	0	No	
5837	0	0	0	No	
5937	0	0	0	No	
6037	0	0	0	No	
6137	0	0	0	No	
6237	0	0	0	No	
6337	0	0	0	No	
6437	0	0	0	No	
0138	0	0	0	No	
0238	0	0	0	No	
0338	0	0	0	No	
0438	0	0	0	No	
0538	0	0	0	No	
0638	1.584811e+01	1.833449e+01	1.888441e+01	Yes	
0738	0	0	0	No	
0838	1.862417e+01	9.663102e+00	1.600346e+01	Yes	
0938	0	0	0	No	
1038	0	0	0	No	
1138	0	0	0	No	
1238	0	0	0	No	
1338	0	0	0	No	
1438	0	0	0	No	
1538	0	0	0	No	
1638	0	0	0	No	
1738	0	0	0	No	
1838	0	0	0	No	
1938	0	0	0	No	
2038	0	0	0	No	
2138	0	0	0	No	
2238	0	0	0	No	
2338	0	0	0	No	
2438	0	0	0	No	
2538	0	0	0	No	
2638	0	0	0	No	
2738	0	0	0	No	
2838	0	0	0	No	
2938	0	0	0	No	
3038	0	0	0	No	
3138	0	0	0	No	
3238	0	0	0	No	
3338	0	0	0	No	
3438	0	0	0	No	
3538	0	0	0	No	
3638	0	0	0	No	
3738	0	0	0	No	
3838	0	0	0	No	
3938	0	0	0	No	
4038	0	0	0	No	
4138	0	0	0	No	
4238	0	0	0	No	
4338	0	0	0	No	
4438	0	0	0	No	
4538	0	0	0	No	
4638	0	0	0	No	
4738	0	0	0	No	
4838	0	0	0	No	
4938	0	0	0	No	
5038	0	0	0	No	
5138	0	0	0	No	
5238	0	0	0	No	
5338	0	0	0	No	
5438	0	0	0	No	
5538	0	0	0	No	
5638	0	0	0	No	
5738	0	0	0	No	
5838	0	0	0	No	
5938	0	0	0	No	
6038	0	0	0	No	
6138	0	0	0	No	
6238	0	0	0	No	
6338	0	0	0	No	
6438	0	0	0	No	
0139	0	0	0	No	
0239	0	0	0	No	
0339	0	0	0	No	
0439	0	0	0	No	
0539	0	0	0	No	
0639	0	0	0	No	
0739	0	0	0	No	
0839	0	0	0	No	
0939	0	0	0	No	
1039	0	0	0	No	
1139	0	0	0	No	
1239	0	0	0	No	
1339	0	0	0	No	
1439	0	0	0	No	
1539	0	0	0	No	
1639	0	0	0	No	
1739	0	0	0	No	
1839	0	0	0	No	
1939	0	0	0	No	
2039	0	0	0	No	
2139	0	0	0	No	
2239	0	0	0	No	
2339	0	0	0	No	
2439	0	0	0	No	
2539	0	0	0	No	
2639	0	0	0	No	
2739	0	0	0	No	
2839	0	0	0	No	
2939	0	0	0	No	
3039	0	0	0	No	
3139	0	0	0	No	
3239	0	0	0	No	
3339	0	0	0	No	
3439	0	0	0	No	
3539	0	0	0	No	
3639	0	0	0	No	
3739	0	0	0	No	
3839	0	0	0	No	
3939	0	0	0	No	
4039	0	0	0	No	
4139	0	0	0	No	
4239	0	0	0	No	
4339	0	0	0	No	
4439	0	0	0	No	
4539	0	0	0	No	
4639	0	0	0	No	
4739	0	0	0	No	
4839	0	0	0	No	
4939	0	0	0	No	
5039	0	0	0	No	
5139	0	0	0	No	
5239	0	0	0	No	
5339	0	0	0	No	
5439	0	0	0	No	
5539	0	0	0	No	
5639	0	0	0	No	
5739	0	0	0	No	
5839	0	0	0	No	
5939	0	0	0	No	
6039	0	0	0	No	
6139	0	0	0	No	
6239	0	0	0	No	
6339	0	0	0	No	
6439	0	0	0	No	
0140	0	0	0	No	
0240	0	0	0	No	
0340	0	0	0	No	
0440	0	0	0	No	
0540	0	0	0	No	
0640	0	0	0	No	
0740	0	0	0	No	
0840	0	0	0	No	
0940	0	0	0	No	
1040	0	0	0	No	
1140	0	0	0	No	
1240	0	0	0	No	
1340	0	0	0	No	
1440	0	0	0	No	
1540	0	0	0	No	
1640	0	0	0	No	
1740	0	0	0	No	
1840	0	0	0	No	
1940	0	0	0	No	
2040	0	0	0	No	
2140	0	0	0	No	
2240	0	0	0	No	
2340	0	0	0	No	
2440	0	0	0	No	
2540	0	0	0	No	
2640	0	0	0	No	
2740	0	0	0	No	
2840	0	0	0	No	
2940	0	0	0	No	
3040	0	0	0	No	
3140	0	0	0	No	
3240	0	0	0	No	
3340	0	0	0	No	
3440	0	0	0	No	
3540	0	0	0	No	
3640	0	0	0	No	
3740	0	0	0	No	
3840	0	0	0	No	
3940	0	0	0	No	
4040	0	0	0	No	
4140	0	0	0	No	
4240	0	0	0	No	
4340	0	0	0	No	
4440	0	0	0	No	
4540	0	0	0	No	
4640	0	0	0	No	
4740	0	0	0	No	
4840	0	0	0	No	
4940	0	0	0	No	
5040	0	0	0	No	
5140	0	0	0	No	
5240	0	0	0	No	
5340	0	0	0	No	
5440	0	0	0	No	
5540	0	0	0	No	
5640	0	0	0	No	
5740	0	0	0	No	
5840	0	0	0	No	
5940	0	0	0	No	
6040	0	0	0	No	
6140	0	0	0	No	
6240	0	0	0	No	
6340	0	0	0	No	
6440	0	0	0	No	
0141	0	0	0	No	
0241	0	0	0	No	
0341	0	0	0	No	
0441	0	0	0	No	
0541	0	0	0	No	
0641	0	0	0	No	
0741	0	0	0	No	
0841	0	0	0	No	
0941	0	0	0	No	
1041	0	0	0	No	
1141	0	0	0	No	
1241	0	0	0	No	
1341	0	0	0	No	
1441	0	0	0	No	
1541	0	0	0	No	
1641	0	0	0	No	
1741	0	0	0	No	
1841	0	0	0	No	
1941	0	0	0	No	
2041	0	0	0	No	
2141	0	0	0	No	
2241	-1.903545e+01	-2.181830e+01	-2.023128e+01	Yes	
2341	0	0	0	No	
2441	0	0	0	No	
2541	0	0	0	No	
2641	0	0	0	No	
2741	0	0	0	No	
2841	0	0	0	No	
2941	0	0	0	No	
3041	0	0	0	No	
3141	0	0	0	No	
3241	0	0	0	No	
3341	0	0	0	No	
3441	0	0	0	No	
3541	0	0	0	No	
3641	0	0	0	No	
3741	0	0	0	No	
3841	0	0	0	No	
3941	0	0	0	No	
4041	0	0	0	No	
4141	0	0	0	No	
4241	0	0	0	No	
4341	0	0	0	No	
4441	0	0	0	No	
4541	0	0	0	No	
4641	0	0	0	No	
4741	0	0	0	No	
4841	0	0	0	No	
4941	0	0	0	No	
5041	0	0	0	No	
5141	0	0	0	No	
5241	0	0	0	No	
5341	0	0	0	No	
5441	0	0	0	No	
5541	0	0	0	No	
5641	0	0	0	No	
5741	0	0	0	No	
5841	0	0	0	No	
5941	0	0	0	No	
6041	0	0	0	No	
6141	0	0	0	No	
6241	0	0	0	No	
6341	0	0	0	No	
6441	0	0	0	No	
0142	0	0	0	No	
0242	0	0	0	No	
0342	0	0	0	No	
0442	0	0	0	No	
0542	0	0	0	No	
0642	0	0	0	No	
0742	7.825377e+00	1.080376e+01	1.200718e+01	Yes	
0842	0	0	0	No	
0942	0	0	0	No	
1042	0	0	0	No	
1142	0	0	0	No	
1242	1.657627e+01	1.746830e+01	1.983668e+01	Yes	
1342	0	0	0	No	
1442	0	0	0	No	
1542	0	0	0	No	
1642	0	0	0	No	
1742	0	0	0	No	
1842	0	0	0	No	
1942	0	0	0	No	
2042	0	0	0	No	
2142	0	0	0	No	
2242	1.001775e+01	1.105249e+01	1.071525e+01	Yes	
2342	0	0	0	No	
2442	0	0	0	No	
2542	0	0	0	No	
2642	0	0	0	No	
2742	0	0	0	No	
2842	0	0	0	No	
2942	0	0	0	No	
3042	0	0	0	No	
3142	0	0	0	No	
3242	0	0	0	No	
3342	0	0	0	No	
3442	0	0	0	No	
3542	0	0	0	No	
3642	0	0	0	No	
3742	0	0	0	No	
3842	0	0	0	No	
3942	0	0	0	No	
4042	0	0	0	No	
4142	0	0	0	No	
4242	0	0	0	No	
4342	0	0	0	No	
4442	0	0	0	No	
4542	0	0	0	No	
4642	0	0	0	No	
4742	0	0	0	No	
4842	0	0	0	No	
4942	-9.751043e+00	-8.329244e+00	-1.299006e+01	Yes	
5042	0	0	0	No	
5142	0	0	0	No	
5242	0	0	0	No	
5342	0	0	0	No	
5442	0	0	0	No	
5542	0	0	0	No	
5642	0	0	0	No	
5742	0	0	0	No	
5842	0	0	0	No	
5942	0	0	0	No	
6042	0	0	0	No	
6142	0	0	0	No	
6242	0	0	0	No	
6342	0	0	0	No	
6442	0	0	0	No	
0143	0	0	0	No	
0243	0	0	0	No	
0343	0	0	0	No	
0443	0	0	0	No	
0543	0	0	0	No	
0643	9.535632e+00	1.146948e+01	9.685497e+00	Yes	
0743	0	0	0	No	
0843	0	0	0	No	
0943	0	0	0	No	
1043	0	0	0	No	
1143	0	0	0	No	
1243	0	0	0	No	
1343	0	0	0	No	
1443	0	0	0	No	
1543	0	0	0	No	
1643	0	0	0	No	
1743	0	0	0	No	
1843	0	0	0	No	
1943	0	0	0	No	
2043	0	0	0	No	
2143	0	0	0	No	
2243	0	0	0	No	
2343	0	0	0	No	
2443	0	0	0	No	
2543	0	0	0	No	
2643	0	0	0	No	
2743	0	0	0	No	
2843	0	0	0	No	
2943	0	0	0	No	
3043	0	0	0	No	
3143	0	0	0	No	
3243	0	0	0	No	
3343	0	0	0	No	
3443	0	0	0	No	
3543	0	0	0	No	
3643	0	0	0	No	
3743	0	0	0	No	
3843	0	0	0	No	
3943	0	0	0	No	
4043	0	0	0	No	
4143	0	0	0	No	
4243	0	0	0	No	
4343	0	0	0	No	
4443	0	0	0	No	
4543	0	0	0	No	
4643	0	0	0	No	
4743	0	0	0	No	
4843	0	0	0	No	
4943	0	0	0	No	
5043	0	0	0	No	
5143	0	0	0	No	
5243	0	0	0	No	
5343	0	0	0	No	
5443	0	0	0	No	
5543	0	0	0	No	
5643	0	0	0	No	
5743	0	0	0	No	
5843	0	0	0	No	
5943	0	0	0	No	
6043	0	0	0	No	
6143	0	0	0	No	
6243	0	0	0	No	
6343	0	0	0	No	
6443	0	0	0	No	
0144	0	0	0	No	
0244	0	0	0	No	
0344	0	0	0	No	
0444	0	0	0	No	
0544	0	0	0	No	
0644	0	0	0	No	
0744	0	0	0	No	
0844	-9.305943e+00	-1.181409e+01	-1.570702e+01	Yes	
0944	0	0	0	No	
1044	0	0	0	No	
1144	0	0	0	No	
1244	0	0	0	No	
1344	0	0	0	No	
1444	0	0	0	No	
1544	0	0	0	No	
1644	0	0	0	No	
1744	0	0	0	No	
1844	0	0	0	No	
1944	0	0	0	No	
2044	0	0	0	No	
2144	0	0	0	No	
2244	0	0	0	No	
2344	0	0	0	No	
2444	0	0	0	No	
2544	0	0	0	No	
2644	0	0	0	No	
2744	0	0	0	No	
2844	0	0	0	No	
2944	0	0	0	No	
3044	0	0	0	No	
3144	0	0	0	No	
3244	0	0	0	No	
3344	0	0	0	No	
3444	0	0	0	No	
3544	0	0	0	No	
3644	0	0	0	No	
3744	0	0	0	No	
3844	0	0	0	No	
3944	0	0	0	No	
4044	0	0	0	No	
4144	0	0	0	No	
4244	0	0	0	No	
4344	0	0	0	No	
4444	0	0	0	No	
4544	0	0	0	No	
4644	0	0	0	No	
4744	0	0	0	No	
4844	0	0	0	No	
4944	0	0	0	No	
5044	0	0	0	No	
5144	0	0	0	No	
5244	0	0	0	No	
5344	0	0	0	No	
5444	0	0	0	No	
5544	0	0	0	No	
5644	0	0	0	No	
5744	0	0	0	No	
5844	0	0	0	No	
5944	0	0	0	No	
6044	0	0	0	No	
6144	0	0	0	No	
6244	0	0	0	No	
6344	0	0	0	No	
6444	0	0	0	No	
0145	0	0	0	No	
0245	0	0	0	No	
0345	0	0	0	No	
0445	0	0	0	No	
0545	0	0	0	No	
0645	0	0	0	No	
0745	0	0	0	No	
0845	0	0	0	No	
0945	0	0	0	No	
1045	0	0	0	No	
1145	0	0	0	No	
1245	0	0	0	No	
1345	0	0	0	No	
1445	0	0	0	No	
1545	0	0	0	No	
1645	0	0	0	No	
1745	0	0	0	No	
1845	0	0	0	No	
1945	0	0	0	No	
2045	0	0	0	No	
2145	0	0	0	No	
2245	0	0	0	No	
2345	0	0	0	No	
2445	0	0	0	No	
2545	0	0	0	No	
2645	0	0	0	No	
2745	0	0	0	No	
2845	0	0	0	No	
2945	0	0	0	No	
3045	0	0	0	No	
3145	0	0	0	No	
3245	0	0	0	No	
3345	0	0	0	No	
3445	0	0	0	No	
3545	0	0	0	No	
3645	0	0	0	No	
3745	0	0	0	No	
3845	0	0	0	No	
3945	0	0	0	No	
4045	0	0	0	No	
4145	0	0	0	No	
4245	0	0	0	No	
4345	0	0	0	No	
4445	0	0	0	No	
4545	0	0	0	No	
4645	0	0	0	No	
4745	0	0	0	No	
4845	0	0	0	No	
4945	0	0	0	No	
5045	0	0	0	No	
5145	0	0	0	No	
5245	0	0	0	No	
5345	0	0	0	No	
5445	0	0	0	No	
5545	0	0	0	No	
5645	0	0	0	No	
5745	0	0	0	No	
5845	0	0	0	No	
5945	0	0	0	No	
6045	0	0	0	No	
6145	0	0	0	No	
6245	0	0	0	No	
6345	0	0	0	No	
6445	0	0	0	No	
0146	0	0	0	No	
0246	0	0	0	No	
0346	0	0	0	No	
0446	0	0	0	No	
0546	0	0	0	No	
0646	1.062179e+01	1.173208e+01	1.238075e+01	Yes	
0746	0	0	0	No	
0846	0	0	0	No	
0946	0	0	0	No	
1046	0	0	0	No	
1146	0	0	0	No	
1246	0	0	0	No	
1346	0	0	0	No	
1446	0	0	0	No	
1546	-1.734271e+01	-1.789740e+01	-1.409090e+01	Yes	
1646	0	0	0	No	
1746	0	0	0	No	
1846	0	0	0	No	
1946	0	0	0	No	
2046	0	0	0	No	
2146	0	0	0	No	
2246	0	0	0	No	
2346	0	0	0	No	
2446	0	0	0	No	
2546	0	0	0	No	
2646	0	0	0	No	
2746	0	0	0	No	
2846	0	0	0	No	
2946	0	0	0	No	
3046	0	0	0	No	
3146	0	0	0	No	
3246	0	0	0	No	
3346	0	0	0	No	
3446	0	0	0	No	
3546	0	0	0	No	
3646	0	0	0	No	
3746	0	0	0	No	
3846	0	0	0	No	
3946	0	0	0	No	
4046	0	0	0	No	
4146	0	0	0	No	
4246	0	0	0	No	
4346	0	0	0	No	
4446	0	0	0	No	
4546	0	0	0	No	
4646	0	0	0	No	
4746	0	0	0	No	
4846	0	0	0	No	
4946	0	0	0	No	
5046	0	0	0	No	
5146	0	0	0	No	
5246	0	0	0	No	
5346	0	0	0	No	
5446	0	0	0	No	
5546	0	0	0	No	
5646	-1.087015e+01	-1.069481e+01	-1.233663e+01	Yes	
5746	0	0	0	No	
5846	0	0	0	No	
5946	0	0	0	No	
6046	0	0	0	No	
6146	0	0	0	No	
6246	0	0	0	No	
6346	0	0	0	No	
6446	0	0	0	No	
0147	0	0	0	No	
0247	0	0	0	No	
0347	0	0	0	No	
0447	0	0	0	No	
0547	0	0	0	No	
0647	0	0	0	No	
0747	0	0	0	No	
0847	0	0	0	No	
0947	0	0	0	No	
1047	0	0	0	No	
1147	1.000556e+01	1.155211e+01	1.103886e+01	Yes	
1247	-1.278389e+01	-1.549292e+01	-1.284022e+01	Yes	
1347	0	0	0	No	
1447	0	0	0	No	
1547	1.594303e+01	1.375026e+01	1.086636e+01	Yes	
1647	0	0	0	No	
1747	0	0	0	No	
1847	0	0	0	No	
1947	0	0	0	No	
2047	0	0	0	No	
2147	0	0	0	No	
2247	0	0	0	No	
2347	0	0	0	No	
2447	0	0	0	No	
2547	0	0	0	No	
2647	1.213407e+01	1.466002e+01	1.827049e+01	Yes	
2747	0	0	0	No	
2847	0	0	0	No	
2947	0	0	0	No	
3047	0	0	0	No	
3147	-1.124594e+01	-1.233976e+01	-1.283541e+01	Yes	
3247	0	0	0	No	
3347	0	0	0	No	
3447	0	0	0	No	
3547	0	0	0	No	
3647	0	0	0	No	
3747	0	0	0	No	
3847	0	0	0	No	
3947	0	0	0	No	
4047	0	0	0	No	
4147	0	0	0	No	
4247	0	0	0	No	
4347	0	0	0	No	
4447	0	0	0	No	
4547	0	0	0	No	
4647	0	0	0	No	
4747	0	0	0	No	
4847	0	0	0	No	
4947	0	0	0	No	
5047	0	0	0	No	
5147	0	0	0	No	
5247	0	0	0	No	
5347	0	0	0	No	
5447	0	0	0	No	
5547	0	0	0	No	
5647	0	0	0	No	
5747	0	0	0	No	
5847	0	0	0	No	
5947	0	0	0	No	
6047	0	0	0	No	
6147	0	0	0	No	
6247	0	0	0	No	
6347	0	0	0	No	
6447	0	0	0	No	
0148	0	0	0	No	
0248	0	0	0	No	
0348	0	0	0	No	
0448	0	0	0	No	
0548	0	0	0	No	
0648	0	0	0	No	
0748	0	0	0	No	
0848	0	0	0	No	
0948	0	0	0	No	
1048	0	0	0	No	
1148	0	0	0	No	
1248	0	0	0	No	
1348	0	0	0	No	
1448	0	0	0	No	
1548	0	0	0	No	
1648	0	0	0	No	
1748	0	0	0	No	
1848	0	0	0	No	
1948	0	0	0	No	
2048	0	0	0	No	
2148	0	0	0	No	
2248	0	0	0	No	
2348	1.093731e+01	1.356624e+01	1.849406e+01	Yes	
2448	0	0	0	No	
2548	0	0	0	No	
2648	-7.028104e+00	-1.204708e+01	-1.347419e+01	Yes	
2748	0	0	0	No	
2848	0	0	0	No	
2948	0	0	0	No	
3048	0	0	0	No	
3148	0	0	0	No	
3248	0	0	0	No	
3348	0	0	0	No	
3448	0	0	0	No	
3548	0	0	0	No	
3648	0	0	0	No	
3748	0	0	0	No	
3848	0	0	0	No	
3948	0	0	0	No	
4048	0	0	0	No	
4148	0	0	0	No	
4248	0	0	0	No	
4348	0	0	0	No	
4448	0	0	0	No	
4548	0	0	0	No	
4648	0	0	0	No	
4748	0	0	0	No	
4848	0	0	0	No	
4948	0	0	0	No	
5048	0	0	0	No	
5148	0	0	0	No	
5248	0	0	0	No	
5348	0	0	0	No	
5448	0	0	0	No	
5548	0	0	0	No	
5648	0	0	0	No	
5748	0	0	0	No	
5848	0	0	0	No	
5948	0	0	0	No	
6048	0	0	0	No	
6148	0	0	0	No	
6248	0	0	0	No	
6348	0	0	0	No	
6448	0	0	0	No	
0149	0	0	0	No	
0249	0	0	0	No	
0349	0	0	0	No	
0449	0	0	0	No	
0549	0	0	0	No	
0649	0	0	0	No	
0749	0	0	0	No	
0849	0	0	0	No	
0949	0	0	0	No	
1049	7.903889e+00	1.547480e+01	1.970393e+01	Yes	
1149	0	0	0	No	
1249	0	0	0	No	
1349	0	0	0	No	
1449	0	0	0	No	
1549	0	0	0	No	
1649	0	0	0	No	
1749	0	0	0	No	
1849	0	0	0	No	
1949	0	0	0	No	
2049	0	0	0	No	
2149	0	0	0	No	
2249	0	0	0	No	
2349	0	0	0	No	
2449	0	0	0	No	
2549	0	0	0	No	
2649	0	0	0	No	
2749	0	0	0	No	
2849	0	0	0	No	
2949	0	0	0	No	
3049	0	0	0	No	
3149	0	0	0	No	
3249	0	0	0	No	
3349	0	0	0	No	
3449	0	0	0	No	
3549	0	0	0	No	
3649	0	0	0	No	
3749	0	0	0	No	
3849	0	0	0	No	
3949	0	0	0	No	
4049	0	0	0	No	
4149	0	0	0	No	
4249	0	0	0	No	
4349	0	0	0	No	
4449	0	0	0	No	
4549	0	0	0	No	
4649	0	0	0	No	
4749	0	0	0	No	
4849	0	0	0	No	
4949	0	0	0	No	
5049	0	0	0	No	
5149	0	0	0	No	
5249	0	0	0	No	
5349	0	0	0	No	
5449	0	0	0	No	
5549	0	0	0	No	
5649	0	0	0	No	
5749	0	0	0	No	
5849	0	0	0	No	
5949	0	0	0	No	
6049	0	0	0	No	
6149	0	0	0	No	
6249	0	0	0	No	
6349	0	0	0	No	
6449	0	0	0	No	
0150	0	0	0	No	
0250	0	0	0	No	
0350	0	0	0	No	
0450	0	0	0	No	
0550	0	0	0	No	
0650	0	0	0	No	
0750	0	0	0	No	
0850	1.187538e+01	1.270525e+01	1.213669e+01	Yes	
0950	-2.799498e+01	-4.766625e+01	-6.266972e+01	Yes	
1050	-2.435466e+01	-4.610444e+01	-6.750045e+01	Yes	
1150	0	0	0	No	
1250	0	0	0	No	
1350	0	0	0	No	
1450	0	0	0	No	
1550	0	0	0	No	
1650	0	0	0	No	
1750	0	0	0	No	
1850	0	0	0	No	
1950	0	0	0	No	
2050	0	0	0	No	
2150	0	0	0	No	
2250	0	0	0	No	
2350	1.086739e+01	1.424894e+01	1.436899e+01	Yes	
2450	0	0	0	No	
2550	0	0	0	No	
2650	0	0	0	No	
2750	0	0	0	No	
2850	0	0	0	No	
2950	0	0	0	No	
3050	0	0	0	No	
3150	0	0	0	No	
3250	0	0	0	No	
3350	0	0	0	No	
3450	0	0	0	No	
3550	0	0	0	No	
3650	0	0	0	No	
3750	0	0	0	No	
3850	0	0	0	No	
3950	0	0	0	No	
4050	0	0	0	No	
4150	0	0	0	No	
4250	0	0	0	No	
4350	0	0	0	No	
4450	0	0	0	No	
4550	0	0	0	No	
4650	0	0	0	No	
4750	0	0	0	No	
4850	0	0	0	No	
4950	0	0	0	No	
5050	0	0	0	No	
5150	0	0	0	No	
5250	0	0	0	No	
5350	0	0	0	No	
5450	0	0	0	No	
5550	0	0	0	No	
5650	0	0	0	No	
5750	0	0	0	No	
5850	0	0	0	No	
5950	0	0	0	No	
6050	0	0	0	No	
6150	0	0	0	No	
6250	0	0	0	No	
6350	0	0	0	No	
6450	0	0	0	No	
0151	0	0	0	No	
0251	0	0	0	No	
0351	0	0	0	No	
0451	0	0	0	No	
0551	0	0	0	No	
0651	0	0	0	No	
0751	0	0	0	No	
0851	6.101307e+00	1.340360e+01	1.961017e+01	Yes	
0951	1.739583e+01	3.240495e+01	4.566945e+01	Yes	
1051	2.172710e+01	3.677211e+01	5.071138e+01	Yes	
1151	0	0	0	No	
1251	0	0	0	No	
1351	0	0	0	No	
1451	0	0	0	No	
1551	0	0	0	No	
1651	0	0	0	No	
1751	0	0	0	No	
1851	0	0	0	No	
1951	0	0	0	No	
2051	0	0	0	No	
2151	0	0	0	No	
2251	0	0	0	No	
2351	-1.075407e+01	-1.226312e+01	-1.043429e+01	Yes	
2451	7.769305e+00	1.217234e+01	2.007977e+01	Yes	
2551	0	0	0	No	
2651	1.379362e+01	2.011921e+01	2.579827e+01	Yes	
2751	8.346066e+00	1.309121e+01	1.613731e+01	Yes	
2851	0	0	0	No	
2951	0	0	0	No	
3051	0	0	0	No	
3151	0	0	0	No	
3251	0	0	0	No	
3351	0	0	0	No	
3451	0	0	0	No	
3551	0	0	0	No	
3651	0	0	0	No	
3751	0	0	0	No	
3851	0	0	0	No	
3951	0	0	0	No	
4051	0	0	0	No	
4151	0	0	0	No	
4251	0	0	0	No	
4351	0	0	0	No	
4451	0	0	0	No	
4551	0	0	0	No	
4651	0	0	0	No	
4751	0	0	0	No	
4851	0	0	0	No	
4951	0	0	0	No	
5051	0	0	0	No	
5151	0	0	0	No	
5251	0	0	0	No	
5351	0	0	0	No	
5451	0	0	0	No	
5551	0	0	0	No	
5651	0	0	0	No	
5751	0	0	0	No	
5851	0	0	0	No	
5951	0	0	0	No	
6051	0	0	0	No	
6151	0	0	0	No	
6251	0	0	0	No	
6351	0	0	0	No	
6451	0	0	0	No	
0152	0	0	0	No	
0252	0	0	0	No	
0352	0	0	0	No	
0452	0	0	0	No	
0552	0	0	0	No	
0652	0	0	0	No	
0752	0	0	0	No	
0852	-9.448220e+00	-1.475183e+01	-1.894983e+01	Yes	
0952	-2.182343e+01	-2.897081e+01	-3.770743e+01	Yes	
1052	-1.169021e+01	-2.461213e+01	-3.433996e+01	Yes	
1152	0	0	0	No	
1252	0	0	0	No	
1352	0	0	0	No	
1452	0	0	0	No	
1552	0	0	0	No	
1652	0	0	0	No	
1752	0	0	0	No	
1852	0	0	0	No	
1952	0	0	0	No	
2052	0	0	0	No	
2152	0	0	0	No	
2252	0	0	0	No	
2352	0	0	0	No	
2452	-1.063608e+01	-2.362183e+01	-3.697149e+01	Yes	
2552	0	0	0	No	
2652	-9.749271e+00	-1.152347e+01	-1.183414e+01	Yes	
2752	0	0	0	No	
2852	0	0	0	No	
2952	0	0	0	No	
3052	0	0	0	No	
3152	0	0	0	No	
3252	0	0	0	No	
3352	0	0	0	No	
3452	0	0	0	No	
3552	0	0	0	No	
3652	0	0	0	No	
3752	0	0	0	No	
3852	0	0	0	No	
3952	0	0	0	No	
4052	0	0	0	No	
4152	0	0	0	No	
4252	0	0	0	No	
4352	0	0	0	No	
4452	0	0	0	No	
4552	0	0	0	No	
4652	0	0	0	No	
4752	0	0	0	No	
4852	-1.032855e+01	-1.273369e+01	-1.396583e+01	Yes	
4952	0	0	0	No	
5052	0	0	0	No	
5152	0	0	0	No	
5252	0	0	0	No	
5352	0	0	0	No	
5452	0	0	0	No	
5552	0	0	0	No	
5652	0	0	0	No	
5752	0	0	0	No	
5852	0	0	0	No	
5952	0	0	0	No	
6052	0	0	0	No	
6152	0	0	0	No	
6252	0	0	0	No	
6352	0	0	0	No	
6452	0	0	0	No	
0153	0	0	0	No	
0253	0	0	0	No	
0353	0	0	0	No	
0453	0	0	0	No	
0553	0	0	0	No	
0653	0	0	0	No	
0753	0	0	0	No	
0853	1.037240e+01	1.786440e+01	2.165688e+01	Yes	
0953	3.281622e+01	3.828282e+01	4.507199e+01	Yes	
1053	1.401476e+01	2.014662e+01	2.164591e+01	Yes	
1153	0	0	0	No	
1253	0	0	0	No	
1353	0	0	0	No	
1453	1.204115e+01	1.069296e+01	1.301646e+01	Yes	
1553	0	0	0	No	
1653	0	0	0	No	
1753	0	0	0	No	
1853	0	0	0	No	
1953	0	0	0	No	
2053	0	0	0	No	
2153	0	0	0	No	
2253	0	0	0	No	
2353	0	0	0	No	
2453	1.005926e+01	2.072073e+01	2.882505e+01	Yes	
2553	0	0	0	No	
2653	-2.235019e+01	-1.934508e+01	-1.717175e+01	Yes	
2753	0	0	0	No	
2853	0	0	0	No	
2953	0	0	0	No	
3053	-1.303970e+01	-1.051047e+01	-1.466193e+01	Yes	
3153	1.082418e+01	1.046568e+01	1.169486e+01	Yes	
3253	0	0	0	No	
3353	0	0	0	No	
3453	0	0	0	No	
3553	0	0	0	No	
3653	0	0	0	No	
3753	0	0	0	No	
3853	0	0	0	No	
3953	0	0	0	No	
4053	0	0	0	No	
4153	0	0	0	No	
4253	0	0	0	No	
4353	0	0	0	No	
4453	0	0	0	No	
4553	0	0	0	No	
4653	0	0	0	No	
4753	0	0	0	No	
4853	0	0	0	No	
4953	-1.034004e+01	-1.402113e+01	-1.554400e+01	Yes	
5053	0	0	0	No	
5153	0	0	0	No	
5253	0	0	0	No	
5353	0	0	0	No	
5453	0	0	0	No	
5553	0	0	0	No	
5653	0	0	0	No	
5753	0	0	0	No	
5853	0	0	0	No	
5953	0	0	0	No	
6053	0	0	0	No	
6153	0	0	0	No	
6253	0	0	0	No	
6353	0	0	0	No	
6453	0	0	0	No	
0154	0	0	0	No	
0254	0	0	0	No	
0354	0	0	0	No	
0454	0	0	0	No	
0554	0	0	0	No	
0654	0	0	0	No	
0754	0	0	0	No	
0854	0	0	0	No	
0954	-2.691104e+01	-3.360964e+01	-3.843928e+01	Yes	
1054	4.677358e+00	1.472645e+01	2.529060e+01	Yes	
1154	0	0	0	No	
1254	0	0	0	No	
1354	0	0	0	No	
1454	-2.258554e+01	-2.000793e+01	-1.938926e+01	Yes	
1554	0	0	0	No	
1654	0	0	0	No	
1754	0	0	0	No	
1854	0	0	0	No	
1954	0	0	0	No	
2054	0	0	0	No	
2154	0	0	0	No	
2254	0	0	0	No	
2354	0	0	0	No	
2454	-7.020887e+00	-1.386142e+01	-1.576183e+01	Yes	
2554	0	0	0	No	
2654	0	0	0	No	
2754	1.279052e+01	2.032841e+01	2.621156e+01	Yes	
2854	0	0	0	No	
2954	0	0	0	No	
3054	1.418067e+01	1.318929e+01	1.397354e+01	Yes	
3154	0	0	0	No	
3254	0	0	0	No	
3354	0	0	0	No	
3454	0	0	0	No	
3554	0	0	0	No	
3654	0	0	0	No	
3754	0	0	0	No	
3854	0	0	0	No	
3954	0	0	0	No	
4054	0	0	0	No	
4154	0	0	0	No	
4254	0	0	0	No	
4354	0	0	0	No	
4454	0	0	0	No	
4554	0	0	0	No	
4654	0	0	0	No	
4754	0	0	0	No	
4854	0	0	0	No	
4954	1.068816e+01	1.347518e+01	1.389104e+01	Yes	
5054	0	0	0	No	
5154	2.064677e+01	2.277515e+01	2.335727e+01	Yes	
5254	0	0	0	No	
5354	-1.830232e+01	-2.048692e+01	-2.249342e+01	Yes	
5454	0	0	0	No	
5554	0	0	0	No	
5654	0	0	0	No	
5754	0	0	0	No	
5854	0	0	0	No	
5954	0	0	0	No	
6054	0	0	0	No	
6154	-1.327133e+01	-1.354143e+01	-1.229389e+01	Yes	
6254	2.312737e+01	2.296885e+01	2.296505e+01	Yes	
6354	-1.464871e+01	-1.299663e+01	-1.225833e+01	Yes	
6454	0	0	0	No	
0155	0	0	0	No	
0255	0	0	0	No	
0355	0	0	0	No	
0455	0	0	0	No	
0555	0	0	0	No	
0655	0	0	0	No	
0755	0	0	0	No	
0855	0	0	0	No	
0955	0	0	0	No	
1055	-2.695770e+01	-3.813996e+01	-5.122089e+01	Yes	
1155	0	0	0	No	
1255	0	0	0	No	
1355	0	0	0	No	
1455	0	0	0	No	
1555	1.319234e+01	1.215817e+01	9.985734e+00	Yes	
1655	0	0	0	No	
1755	0	0	0	No	
1855	0	0	0	No	
1955	0	0	0	No	
2055	0	0	0	No	
2155	0	0	0	No	
2255	0	0	0	No	
2355	0	0	0	No	
2455	0	0	0	No	
2555	0	0	0	No	
2655	0	0	0	No	
2755	-2.160267e+01	-2.689750e+01	-3.200452e+01	Yes	
2855	0	0	0	No	
2955	0	0	0	No	
3055	0	0	0	No	
3155	2.492253e+01	2.420863e+01	2.432423e+01	Yes	
3255	0	0	0	No	
3355	0	0	0	No	
3455	0	0	0	No	
3555	0	0	0	No	
3655	0	0	0	No	
3755	0	0	0	No	
3855	0	0	0	No	
3955	0	0	0	No	
4055	0	0	0	No	
4155	0	0	0	No	
4255	0	0	0	No	
4355	0	0	0	No	
4455	0	0	0	No	
4555	0	0	0	No	
4655	0	0	0	No	
4755	0	0	0	No	
4855	0	0	0	No	
4955	0	0	0	No	
5055	0	0	0	No	
5155	0	0	0	No	
5255	0	0	0	No	
5355	0	0	0	No	
5455	0	0	0	No	
5555	0	0	0	No	
5655	0	0	0	No	
5755	0	0	0	No	
5855	0	0	0	No	
5955	0	0	0	No	
6055	0	0	0	No	
6155	0	0	0	No	
6255	0	0	0	No	
6355	0	0	0	No	
6455	0	0	0	No	
0156	0	0	0	No	
0256	0	0	0	No	
0356	0	0	0	No	
0456	0	0	0	No	
0556	0	0	0	No	
0656	0	0	0	No	
0756	0	0	0	No	
0856	0	0	0	No	
0956	0	0	0	No	
1056	8.099720e+00	1.062798e+01	1.650343e+01	Yes	
1156	0	0	0	No	
1256	0	0	0	No	
1356	0	0	0	No	
1456	0	0	0	No	
1556	0	0	0	No	
1656	0	0	0	No	
1756	0	0	0	No	
1856	0	0	0	No	
1956	0	0	0	No	
2056	0	0	0	No	
2156	0	0	0	No	
2256	0	0	0	No	
2356	0	0	0	No	
2456	0	0	0	No	
2556	0	0	0	No	
2656	0	0	0	No	
2756	0	0	0	No	
2856	0	0	0	No	
2956	0	0	0	No	
3056	0	0	0	No	
3156	0	0	0	No	
3256	0	0	0	No	
3356	0	0	0	No	
3456	0	0	0	No	
3556	0	0	0	No	
3656	0	0	0	No	
3756	0	0	0	No	
3856	0	0	0	No	
3956	0	0	0	No	
4056	0	0	0	No	
4156	0	0	0	No	
4256	0	0	0	No	
4356	0	0	0	No	
4456	0	0	0	No	
4556	0	0	0	No	
4656	0	0	0	No	
4756	0	0	0	No	
4856	0	0	0	No	
4956	0	0	0	No	
5056	0	0	0	No	
5156	0	0	0	No	
5256	0	0	0	No	
5356	0	0	0	No	
5456	0	0	0	No	
5556	0	0	0	No	
5656	0	0	0	No	
5756	0	0	0	No	
5856	0	0	0	No	
5956	0	0	0	No	
6056	0	0	0	No	
6156	0	0	0	No	
6256	0	0	0	No	
6356	0	0	0	No	
6456	0	0	0	No	
0157	0	0	0	No	
0257	0	0	0	No	
0357	0	0	0	No	
0457	0	0	0	No	
0557	0	0	0	No	
0657	0	0	0	No	
0757	0	0	0	No	
0857	-4.517568e+00	-1.058272e+01	-1.537613e+01	Yes	
0957	0	0	0	No	
1057	0	0	0	No	
1157	0	0	0	No	
1257	0	0	0	No	
1357	0	0	0	No	
1457	0	0	0	No	
1557	0	0	0	No	
1657	0	0	0	No	
1757	0	0	0	No	
1857	0	0	0	No	
1957	0	0	0	No	
2057	0	0	0	No	
2157	0	0	0	No	
2257	0	0	0	No	
2357	0	0	0	No	
2457	0	0	0	No	
2557	0	0	0	No	
2657	7.542913e+00	1.090992e+01	1.533377e+01	Yes	
2757	0	0	0	No	
2857	0	0	0	No	
2957	0	0	0	No	
3057	0	0	0	No	
3157	0	0	0	No	
3257	0	0	0	No	
3357	0	0	0	No	
3457	0	0	0	No	
3557	0	0	0	No	
3657	0	0	0	No	
3757	0	0	0	No	
3857	0	0	0	No	
3957	0	0	0	No	
4057	0	0	0	No	
4157	0	0	0	No	
4257	0	0	0	No	
4357	0	0	0	No	
4457	0	0	0	No	
4557	0	0	0	No	
4657	0	0	0	No	
4757	0	0	0	No	
4857	0	0	0	No	
4957	0	0	0	No	
5057	0	0	0	No	
5157	0	0	0	No	
5257	0	0	0	No	
5357	0	0	0	No	
5457	0	0	0	No	
5557	0	0	0	No	
5657	0	0	0	No	
5757	0	0	0	No	
5857	0	0	0	No	
5957	0	0	0	No	
6057	0	0	0	No	
6157	0	0	0	No	
6257	0	0	0	No	
6357	0	0	0	No	
6457	0	0	0	No	
0158	0	0	0	No	
0258	0	0	0	No	
0358	0	0	0	No	
0458	0	0	0	No	
0558	0	0	0	No	
0658	0	0	0	No	
0758	0	0	0	No	
0858	1.926701e+01	2.254784e+01	2.568847e+01	Yes	
0958	0	0	0	No	
1058	-1.550760e+01	-1.974652e+01	-2.330353e+01	Yes	
1158	9.573980e+00	1.636128e+01	1.912166e+01	Yes	
1258	0	0	0	No	
1358	0	0	0	No	
1458	0	0	0	No	
1558	0	0	0	No	
1658	0	0	0	No	
1758	0	0	0	No	
1858	0	0	0	No	
1958	0	0	0	No	
2058	0	0	0	No	
2158	0	0	0	No	
2258	0	0	0	No	
2358	0	0	0	No	
2458	1.653772e+01	1.470204e+01	1.567061e+01	Yes	
2558	0	0	0	No	
2658	0	0	0	No	
2758	1.610694e+01	2.100582e+01	3.167237e+01	Yes	
2858	0	0	0	No	
2958	0	0	0	No	
3058	0	0	0	No	
3158	0	0	0	No	
3258	0	0	0	No	
3358	0	0	0	No	
3458	0	0	0	No	
3558	0	0	0	No	
3658	0	0	0	No	
3758	0	0	0	No	
3858	0	0	0	No	
3958	0	0	0	No	
4058	0	0	0	No	
4158	0	0	0	No	
4258	0	0	0	No	
4358	0	0	0	No	
4458	0	0	0	No	
4558	0	0	0	No	
4658	0	0	0	No	
4758	0	0	0	No	
4858	0	0	0	No	
4958	-9.693172e+00	-1.088283e+01	-1.295522e+01	Yes	
5058	0	0	0	No	
5158	0	0	0	No	
5258	0	0	0	No	
5358	0	0	0	No	
5458	1.431763e+01	1.148944e+01	1.722834e+01	Yes	
5558	0	0	0	No	
5658	0	0	0	No	
5758	0	0	0	No	
5858	0	0	0	No	
5958	0	0	0	No	
6058	0	0	0	No	
6158	0	0	0	No	
6258	0	0	0	No	
6358	0	0	0	No	
6458	0	0	0	No	
0159	0	0	0	No	
0259	0	0	0	No	
0359	0	0	0	No	
0459	0	0	0	No	
0559	0	0	0	No	
0659	0	0	0	No	
0759	0	0	0	No	
0859	0	0	0	No	
0959	0	0	0	No	
1059	0	0	0	No	
1159	-7.939891e+00	-1.421502e+01	-1.974539e+01	Yes	
1259	-7.623720e+00	-1.041723e+01	-1.325768e+01	Yes	
1359	0	0	0	No	
1459	0	0	0	No	
1559	1.607251e+01	1.953033e+01	2.327690e+01	Yes	
1659	1.191837e+01	1.034750e+01	1.361578e+01	Yes	
1759	0	0	0	No	
1859	0	0	0	No	
1959	0	0	0	No	
2059	0	0	0	No	
2159	0	0	0	No	
2259	0	0	0	No	
2359	0	0	0	No	
2459	0	0	0	No	
2559	0	0	0	No	
2659	0	0	0	No	
2759	-9.329981e+00	-1.841883e+01	-2.490207e+01	Yes	
2859	0	0	0	No	
2959	0	0	0	No	
3059	0	0	0	No	
3159	0	0	0	No	
3259	0	0	0	No	
3359	0	0	0	No	
3459	0	0	0	No	
3559	0	0	0	No	
3659	0	0	0	No	
3759	0	0	0	No	
3859	0	0	0	No	
3959	0	0	0	No	
4059	0	0	0	No	
4159	0	0	0	No	
4259	0	0	0	No	
4359	0	0	0	No	
4459	0	0	0	No	
4559	0	0	0	No	
4659	0	0	0	No	
4759	0	0	0	No	
4859	0	0	0	No	
4959	0	0	0	No	
5059	0	0	0	No	
5159	0	0	0	No	
5259	0	0	0	No	
5359	0	0	0	No	
5459	0	0	0	No	
5559	0	0	0	No	
5659	0	0	0	No	
5759	0	0	0	No	
5859	0	0	0	No	
5959	0	0	0	No	
6059	0	0	0	No	
6159	0	0	0	No	
6259	0	0	0	No	
6359	0	0	0	No	
6459	0	0	0	No	
0160	0	0	0	No	
0260	0	0	0	No	
0360	0	0	0	No	
0460	0	0	0	No	
0560	0	0	0	No	
0660	0	0	0	No	
0760	0	0	0	No	
0860	0	0	0	No	
0960	0	0	0	No	
1060	2.437144e+01	2.579420e+01	2.860107e+01	Yes	
1160	2.085108e+01	2.521690e+01	2.946395e+01	Yes	
1260	1.802548e+01	1.367026e+01	1.532858e+01	Yes	
1360	0	0	0	No	
1460	-3.971795e+00	-9.359307e+00	-1.624497e+01	Yes	
1560	-1.098084e+01	-1.513523e+01	-1.752639e+01	Yes	
1660	0	0	0	No	
1760	0	0	0	No	
1860	0	0	0	No	
1960	0	0	0	No	
2060	0	0	0	No	
2160	0	0	0	No	
2260	0	0	0	No	
2360	0	0	0	No	
2460	0	0	0	No	
2560	0	0	0	No	
2660	0	0	0	No	
2760	0	0	0	No	
2860	0	0	0	No	
2960	0	0	0	No	
3060	0	0	0	No	
3160	0	0	0	No	
3260	0	0	0	No	
3360	0	0	0	No	
3460	0	0	0	No	
3560	0	0	0	No	
3660	0	0	0	No	
3760	0	0	0	No	
3860	0	0	0	No	
3960	0	0	0	No	
4060	0	0	0	No	
4160	0	0	0	No	
4260	0	0	0	No	
4360	0	0	0	No	
4460	0	0	0	No	
4560	0	0	0	No	
4660	-1.001515e+01	-1.150391e+01	-1.006092e+01	Yes	
4760	0	0	0	No	
4860	0	0	0	No	
4960	0	0	0	No	
5060	0	0	0	No	
5160	0	0	0	No	
5260	0	0	0	No	
5360	0	0	0	No	
5460	0	0	0	No	
5560	0	0	0	No	
5660	0	0	0	No	
5760	0	0	0	No	
5860	0	0	0	No	
5960	0	0	0	No	
6060	0	0	0	No	
6160	0	0	0	No	
6260	0	0	0	No	
6360	0	0	0	No	
6460	0	0	0	No	
0161	0	0	0	No	
0261	0	0	0	No	
0361	0	0	0	No	
0461	0	0	0	No	
0561	0	0	0	No	
0661	0	0	0	No	
0761	0	0	0	No	
0861	0	0	0	No	
0961	-1.029862e+01	-1.297562e+01	-1.772261e+01	Yes	
1061	-1.492905e+01	-1.495788e+01	-1.808128e+01	Yes	
1161	-1.134919e+01	-1.154686e+01	-1.187963e+01	Yes	
1261	0	0	0	No	
1361	0	0	0	No	
1461	0	0	0	No	
1561	0	0	0	No	
1661	0	0	0	No	
1761	0	0	0	No	
1861	0	0	0	No	
1961	0	0	0	No	
2061	0	0	0	No	
2161	0	0	0	No	
2261	0	0	0	No	
2361	0	0	0	No	
2461	0	0	0	No	
2561	0	0	0	No	
2661	0	0	0	No	
2761	0	0	0	No	
2861	0	0	0	No	
2961	0	0	0	No	
3061	0	0	0	No	
3161	0	0	0	No	
3261	0	0	0	No	
3361	0	0	0	No	
3461	0	0	0	No	
3561	0	0	0	No	
3661	0	0	0	No	
3761	0	0	0	No	
3861	0	0	0	No	
3961	0	0	0	No	
4061	0	0	0	No	
4161	0	0	0	No	
4261	0	0	0	No	
4361	0	0	0	No	
4461	0	0	0	No	
4561	0	0	0	No	
4661	0	0	0	No	
4761	0	0	0	No	
4861	0	0	0	No	
4961	0	0	0	No	
5061	0	0	0	No	
5161	0	0	0	No	
5261	0	0	0	No	
5361	0	0	0	No	
5461	0	0	0	No	
5561	0	0	0	No	
5661	0	0	0	No	
5761	0	0	0	No	
5861	0	0	0	No	
5961	0	0	0	No	
6061	0	0	0	No	
6161	0	0	0	No	
6261	0	0	0	No	
6361	0	0	0	No	
6461	0	0	0	No	
0162	0	0	0	No	
0262	0	0	0	No	
0362	0	0	0	No	
0462	0	0	0	No	
0562	0	0	0	No	
0662	0	0	0	No	
0762	0	0	0	No	
0862	0	0	0	No	
0962	0	0	0	No	
1062	0	0	0	No	
1162	6.500994e+00	1.200474e+01	1.284311e+01	Yes	
1262	1.548237e+01	1.757245e+01	1.885010e+01	Yes	
1362	2.417191e+01	2.286631e+01	2.487839e+01	Yes	
1462	1.852451e+01	1.688308e+01	1.541941e+01	Yes	
1562	0	0	0	No	
1662	-9.852369e+00	-1.105894e+01	-1.097092e+01	Yes	
1762	0	0	0	No	
1862	0	0	0	No	
1962	0	0	0	No	
2062	0	0	0	No	
2162	0	0	0	No	
2262	0	0	0	No	
2362	0	0	0	No	
2462	0	0	0	No	
2562	0	0	0	No	
2662	0	0	0	No	
2762	0	0	0	No	
2862	0	0	0	No	
2962	0	0	0	No	
3062	0	0	0	No	
3162	0	0	0	No	
3262	0	0	0	No	
3362	0	0	0	No	
3462	0	0	0	No	
3562	0	0	0	No	
3662	0	0	0	No	
3762	0	0	0	No	
3862	0	0	0	No	
3962	0	0	0	No	
4062	0	0	0	No	
4162	0	0	0	No	
4262	0	0	0	No	
4362	0	0	0	No	
4462	0	0	0	No	
4562	0	0	0	No	
4662	0	0	0	No	
4762	0	0	0	No	
4862	0	0	0	No	
4962	0	0	0	No	
5062	0	0	0	No	
5162	0	0	0	No	
5262	0	0	0	No	
5362	0	0	0	No	
5462	0	0	0	No	
5562	0	0	0	No	
5662	0	0	0	No	
5762	0	0	0	No	
5862	0	0	0	No	
5962	0	0	0	No	
6062	0	0	0	No	
6162	0	0	0	No	
6262	0	0	0	No	
6362	0	0	0	No	
6462	0	0	0	No	
0163	0	0	0	No	
0263	0	0	0	No	
0363	0	0	0	No	
0463	7.608604e+00	1.123846e+01	1.152291e+01	Yes	
0563	8.498059e+00	1.069686e+01	1.355525e+01	Yes	
0663	1.461555e+01	1.563184e+01	1.948728e+01	Yes	
0763	1.229566e+01	1.025110e+01	1.026900e+01	Yes	
0863	0	0	0	No	
0963	-2.835984e+01	-3.789517e+01	-4.157607e+01	Yes	
1063	-4.439966e+01	-5.126569e+01	-5.292368e+01	Yes	
1163	-4.143696e+01	-4.334842e+01	-4.125277e+01	Yes	
1263	-2.728068e+01	-2.419441e+01	-2.159520e+01	Yes	
1363	0	0	0	No	
1463	2.454700e+01	3.187813e+01	3.452352e+01	Yes	
1563	4.771448e+01	5.152188e+01	5.365463e+01	Yes	
1663	2.127674e+01	2.191923e+01	2.287460e+01	Yes	
1763	0	0	0	No	
1863	0	0	0	No	
1963	0	0	0	No	
2063	0	0	0	No	
2163	0	0	0	No	
2263	0	0	0	No	
2363	0	0	0	No	
2463	0	0	0	No	
2563	0	0	0	No	
2663	0	0	0	No	
2763	0	0	0	No	
2863	0	0	0	No	
2963	0	0	0	No	
3063	0	0	0	No	
3163	0	0	0	No	
3263	0	0	0	No	
3363	0	0	0	No	
3463	0	0	0	No	
3563	0	0	0	No	
3663	0	0	0	No	
3763	0	0	0	No	
3863	0	0	0	No	
3963	0	0	0	No	
4063	0	0	0	No	
4163	0	0	0	No	
4263	0	0	0	No	
4363	0	0	0	No	
4463	0	0	0	No	
4563	0	0	0	No	
4663	0	0	0	No	
4763	0	0	0	No	
4863	0	0	0	No	
4963	0	0	0	No	
5063	0	0	0	No	
5163	0	0	0	No	
5263	0	0	0	No	
5363	0	0	0	No	
5463	0	0	0	No	
5563	0	0	0	No	
5663	0	0	0	No	
5763	0	0	0	No	
5863	0	0	0	No	
5963	0	0	0	No	
6063	0	0	0	No	
6163	0	0	0	No	
6263	0	0	0	No	
6363	0	0	0	No	
6463	0	0	0	No	
0164	0	0	0	No	
0264	-2.154676e+01	-2.320860e+01	-2.010950e+01	Yes	
0364	-2.365786e+01	-2.664766e+01	-2.967724e+01	Yes	
0464	-3.369651e+01	-3.405743e+01	-3.476387e+01	Yes	
0564	-1.222852e+01	-1.240778e+01	-1.285696e+01	Yes	
0664	5.656096e+00	1.122168e+01	1.956133e+01	Yes	
0764	1.868653e+01	3.283144e+01	3.626746e+01	Yes	
0864	3.364285e+01	4.041298e+01	4.523549e+01	Yes	
0964	3.674590e+01	3.811720e+01	4.119648e+01	Yes	
1064	2.701698e+01	2.781132e+01	2.709058e+01	Yes	
1164	1.448524e+01	1.349308e+01	1.217180e+01	Yes	
1264	0	0	0	No	
1364	0	0	0	No	
1464	0	0	0	No	
1564	-1.054632e+01	-1.303096e+01	-1.747454e+01	Yes	
1664	0	0	0	No	
1764	0	0	0	No	
1864	0	0	0	No	
1964	0	0	0	No	
2064	0	0	0	No	
2164	0	0	0	No	
2264	0	0	0	No	
2364	0	0	0	No	
2464	0	0	0	No	
2564	0	0	0	No	
2664	0	0	0	No	
2764	0	0	0	No	
2864	0	0	0	No	
2964	0	0	0	No	
3064	0	0	0	No	
3164	0	0	0	No	
3264	0	0	0	No	
3364	0	0	0	No	
3464	0	0	0	No	
3564	0	0	0	No	
3664	0	0	0	No	
3764	0	0	0	No	
3864	0	0	0	No	
3964	0	0	0	No	
4064	0	0	0	No	
4164	0	0	0	No	
4264	0	0	0	No	
4364	0	0	0	No	
4464	0	0	0	No	
4564	0	0	0	No	
4664	0	0	0	No	
4764	0	0	0	No	
4864	0	0	0	No	
4964	0	0	0	No	
5064	0	0	0	No	
5164	0	0	0	No	
5264	0	0	0	No	
5364	0	0	0	No	
5464	0	0	0	No	
5564	0	0	0	No	
5664	0	0	0	No	
5764	0	0	0	No	
5864	0	0	0	No	
5964	0	0	0	No	
6064	0	0	0	No	
6164	0	0	0	No	
6264	0	0	0	No	
6364	0	0	0	No	
6464	0	0	0	No	
